DATASET_MULTIBAR

SEPARATOR	TAB
DATASET_LABEL	lifestyle
COLOR	#ff0000
FIELD_COLORS	#df5173	#27537c	#ccd3d3
FIELD_LABELS	Temperate	Virulent	unclassified

DASHED_LINES	1
WIDTH	75
MARGIN	25
HEIGHT_FACTOR	2

DATA
OAPGCV000989	96.55172414	0	3.448275862
OAPGCV064568	32.19814241	20.43343653	47.36842105
OAPGCV045081	79.32489451	11.81434599	8.860759494
OAPGCV027347	33.33333333	12.96296296	53.7037037
OAPGCV064282	33.33333333	0	66.66666667
OAPGCV039639	4.109589041	54.79452055	41.09589041
OAPGCV062585	60.64516129	11.61290323	27.74193548
OAPGCV042661	55.85106383	6.382978723	37.76595745
OAPGCV061745	83.26693227	3.585657371	13.14741036
OAPGCV007447	60.69518717	24.86631016	14.43850267
OAPGCV055169	91.44385027	3.20855615	5.347593583
OAPGCV037908	0	100	0
OAPGCV061185	100	0	0
OAPGCV044902	80	10	10
OAPGCV045797	26.02739726	34.24657534	39.7260274
OAPGCV045182	80	20	0
OAPGCV031500	0	50	50
OAPGCV067966	100	0	0
OAPGCV067939	0	0	100
OAPGCV037198	100	0	0
OAPGCV044908	6.445672192	44.93554328	48.61878453
OAPGCV060156	10.45045045	2.882882883	86.66666667
OAPGCV059107	0	0	100
OAPGCV017814	9.090909091	36.36363636	54.54545455
OAPGCV000364	100	0	0
OAPGCV061254	100	0	0
OAPGCV041227	44	14	42
OAPGCV062394	50	50	0
OAPGCV059039	100	0	0
OAPGCV058978	100	0	0
OAPGCV044979	0	100	0
OAPGCV029562	0	0	100
OAPGCV037051	0	0	100
OAPGCV055728	15.59633028	49.08256881	35.32110092
OAPGCV036909	91.17647059	0	8.823529412
OAPGCV030131	78.57142857	14.28571429	7.142857143
OAPGCV049270	50	50	0
OAPGCV050782	100	0	0
OAPGCV057333	87.5	0	12.5
OAPGCV062398	50	50	0
OAPGCV028872	0	100	0
OAPGCV033182	100	0	0
OAPGCV032027	100	0	0
OAPGCV031125	100	0	0
OAPGCV040350	0	0	100
OAPGCV058096	88.23529412	5.882352941	5.882352941
OAPGCV059984	50	50	0
OAPGCV045935	0	100	0
OAPGCV029525	66.66666667	0	33.33333333
OAPGCV031825	60	40	0
OAPGCV031679	100	0	0
OAPGCV032829	70	30	0
OAPGCV019185	85.4368932	7.766990291	6.796116505
OAPGCV002351	80.92691622	14.79500891	4.278074866
OAPGCV045714	40	50	10
OAPGCV030396	86.66666667	13.33333333	0
OAPGCV053455	83.63636364	11.81818182	4.545454545
OAPGCV037298	100	0	0
OAPGCV017785	100	0	0
OAPGCV045529	88.81355932	6.271186441	4.915254237
OAPGCV045065	82.60869565	0	17.39130435
OAPGCV044960	42.10526316	31.57894737	26.31578947
OAPGCV058943	28.57142857	57.14285714	14.28571429
OAPGCV048734	66.66666667	33.33333333	0
OAPGCV061873	100	0	0
OAPGCV031105	100	0	0
OAPGCV029980	87.5	0	12.5
OAPGCV045544	100	0	0
OAPGCV029888	44.44444444	44.44444444	11.11111111
OAPGCV045675	0	100	0
OAPGCV049211	71.42857143	14.28571429	14.28571429
OAPGCV015180	50	0	50
OAPGCV067972	0	100	0
OAPGCV062379	100	0	0
OAPGCV031927	40	20	40
OAPGCV037991	64.70588235	11.76470588	23.52941176
OAPGCV058301	100	0	0
OAPGCV044963	0	100	0
OAPGCV031765	100	0	0
OAPGCV067993	100	0	0
OAPGCV031001	0	100	0
OAPGCV055405	100	0	0
OAPGCV045938	100	0	0
OAPGCV063165	100	0	0
OAPGCV039311	33.33333333	16.66666667	50
OAPGCV045325	50	0	50
OAPGCV067967	33.33333333	66.66666667	0
OAPGCV045329	83.33333333	16.66666667	0
OAPGCV032049	100	0	0
OAPGCV030185	100	0	0
OAPGCV048516	100	0	0
OAPGCV048730	100	0	0
OAPGCV033729	0	84.96240602	15.03759398
OAPGCV068396	100	0	0
OAPGCV058611	0	100	0
OAPGCV067964	100	0	0
OAPGCV004489	0	92.46575342	7.534246575
OAPGCV047667	0	92.10526316	7.894736842
OAPGCV024022	0	88.73239437	11.26760563
OAPGCV058902	100	0	0
OAPGCV029375	0	87.77777778	12.22222222
OAPGCV062404	100	0	0
OAPGCV012702	0	94.82097187	5.179028133
OAPGCV013362	0	77.77777778	22.22222222
OAPGCV031652	0	97.95918367	2.040816327
OAPGCV022650	0	93.6	6.4
OAPGCV056837	0	100	0
OAPGCV047693	0	80.95238095	19.04761905
OAPGCV068276	0	97.14285714	2.857142857
OAPGCV018877	0	95.45454545	4.545454545
OAPGCV005142	0	79.62962963	20.37037037
OAPGCV004837	0	97.14285714	2.857142857
OAPGCV034700	0	77.77777778	22.22222222
OAPGCV048500	0	79.31034483	20.68965517
OAPGCV025828	0	100	0
OAPGCV047982	0	100	0
OAPGCV062941	0	0	100
OAPGCV003420	100	0	0
OAPGCV058566	98.5915493	0	1.408450704
OAPGCV030460	100	0	0
OAPGCV032461	100	0	0
OAPGCV030549	100	0	0
OAPGCV058407	100	0	0
OAPGCV002402	0	0	100
OAPGCV027839	0	89.04109589	10.95890411
OAPGCV009744	0	100	0
OAPGCV011521	1.342281879	66.77852349	31.87919463
OAPGCV044856	100	0	0
OAPGCV055748	0	68.42105263	31.57894737
OAPGCV023746	0	93.26923077	6.730769231
OAPGCV004631	100	0	0
OAPGCV018377	0	58.82352941	41.17647059
OAPGCV063153	0	100	0
OAPGCV061275	33.33333333	66.66666667	0
OAPGCV031560	50	0	50
OAPGCV058065	28.33333333	69.16666667	2.5
OAPGCV016255	0	95.95588235	4.044117647
OAPGCV009634	0	100	0
OAPGCV062503	0	54.05405405	45.94594595
OAPGCV013575	0	96.73913043	3.260869565
OAPGCV006811	65.98425197	4.566929134	29.4488189
OAPGCV064156	87.5	0	12.5
OAPGCV058739	0	100	0
OAPGCV031397	0	96.82539683	3.174603175
OAPGCV032530	100	0	0
OAPGCV057430	0	0	100
OAPGCV062446	100	0	0
OAPGCV066442	100	0	0
OAPGCV013752	59.43396226	17.9245283	22.64150943
OAPGCV016201	80.76923077	18.46153846	0.769230769
OAPGCV048390	100	0	0
OAPGCV058264	100	0	0
OAPGCV058467	71.42857143	0	28.57142857
OAPGCV059510	82.35294118	11.76470588	5.882352941
OAPGCV057522	86.44067797	5.93220339	7.627118644
OAPGCV026892	0	100	0
OAPGCV003504	0	90.74733096	9.252669039
OAPGCV025479	0	91.42185664	8.578143361
OAPGCV067995	0	100	0
OAPGCV064992	0	98.1981982	1.801801802
OAPGCV024176	31.15384615	64.61538462	4.230769231
OAPGCV016206	0	61.73913043	38.26086957
OAPGCV011376	0	83.27645051	16.72354949
OAPGCV017566	75.29691211	18.52731591	6.175771971
OAPGCV045460	56	38.28571429	5.714285714
OAPGCV007582	0.119904077	43.64508393	56.23501199
OAPGCV058286	0	100	0
OAPGCV050213	61.17647059	35.88235294	2.941176471
OAPGCV000006	0	100	0
OAPGCV020718	0	71.95402299	28.04597701
OAPGCV068337	100	0	0
OAPGCV058238	66.66666667	33.33333333	0
OAPGCV018929	0	88.88888889	11.11111111
OAPGCV065017	0	84.83870968	15.16129032
OAPGCV033854	30.17241379	66.81034483	3.017241379
OAPGCV042770	100	0	0
OAPGCV033773	100	0	0
OAPGCV055135	94.68438538	1.328903654	3.986710963
OAPGCV049775	84.23019432	10.98654709	4.783258595
OAPGCV015560	87.5	0	12.5
OAPGCV044970	93.10344828	3.448275862	3.448275862
OAPGCV058709	100	0	0
OAPGCV058442	0	100	0
OAPGCV050471	0	93.96551724	6.034482759
OAPGCV065648	100	0	0
OAPGCV054904	100	0	0
OAPGCV006036	100	0	0
OAPGCV050530	19.04761905	42.85714286	38.0952381
OAPGCV007298	100	0	0
OAPGCV032025	100	0	0
OAPGCV027397	0	70.27027027	29.72972973
OAPGCV007662	0	91.70896785	8.291032149
OAPGCV013350	0	100	0
OAPGCV032371	0	0	100
OAPGCV006559	0	79.54545455	20.45454545
OAPGCV014404	0	100	0
OAPGCV009626	82.10526316	17.89473684	0
OAPGCV002564	93.33333333	6.25	0.416666667
OAPGCV067987	92.88702929	4.60251046	2.510460251
OAPGCV025780	0	88.46153846	11.53846154
OAPGCV026001	85.08287293	13.8121547	1.104972376
OAPGCV012121	87.72563177	11.9133574	0.36101083
OAPGCV034262	0	71.57894737	28.42105263
OAPGCV042722	61.9047619	14.28571429	23.80952381
OAPGCV041683	37.97468354	61.26582278	0.759493671
OAPGCV036044	100	0	0
OAPGCV046398	78.26086957	4.347826087	17.39130435
OAPGCV063933	4	76	20
OAPGCV036774	0	100	0
OAPGCV037310	0	100	0
OAPGCV066438	0	99.15966387	0.840336134
OAPGCV064508	3.846153846	92.30769231	3.846153846
OAPGCV020751	0	100	0
OAPGCV001497	100	0	0
OAPGCV028677	86.95652174	13.04347826	0
OAPGCV026415	89	9	2
OAPGCV006677	0.543933054	90.83682008	8.619246862
OAPGCV027745	100	0	0
OAPGCV061920	0	92.10526316	7.894736842
OAPGCV006108	0	31.70731707	68.29268293
OAPGCV063154	0	100	0
OAPGCV062718	0	100	0
OAPGCV016405	0	89.47368421	10.52631579
OAPGCV016237	0.344827586	98.96551724	0.689655172
OAPGCV033986	0	76.92307692	23.07692308
OAPGCV038469	46.15384615	30.76923077	23.07692308
OAPGCV009615	70.45454545	6.818181818	22.72727273
OAPGCV004608	76.95852535	17.51152074	5.529953917
OAPGCV013987	75.64102564	17.94871795	6.41025641
OAPGCV046242	70.58823529	11.76470588	17.64705882
OAPGCV019873	100	0	0
OAPGCV005863	11.76470588	5.882352941	82.35294118
OAPGCV047475	0	100	0
OAPGCV054776	100	0	0
OAPGCV009919	79.81651376	13.76146789	6.422018349
OAPGCV002486	100	0	0
OAPGCV017502	85.71428571	14.28571429	0
OAPGCV066630	89.2287234	8.311170213	2.460106383
OAPGCV016363	90.50632911	9.367088608	0.126582278
OAPGCV051575	73.9608802	5.012224939	21.02689487
OAPGCV046101	81.16591928	8.520179372	10.31390135
OAPGCV057562	100	0	0
OAPGCV025011	88.37209302	10.23255814	1.395348837
OAPGCV051918	64.93506494	25.97402597	9.090909091
OAPGCV008969	88.78504673	8.411214953	2.803738318
OAPGCV042958	32.46073298	46.59685864	20.94240838
OAPGCV047349	100	0	0
OAPGCV045271	44.44444444	33.33333333	22.22222222
OAPGCV044194	99.52830189	0.471698113	0
OAPGCV045866	90.88541667	7.8125	1.302083333
OAPGCV001954	90.62909567	8.387942333	0.982961992
OAPGCV031108	100	0	0
OAPGCV058982	69.23076923	15.38461538	15.38461538
OAPGCV031981	94.73684211	5.263157895	0
OAPGCV044141	86.05769231	12.01923077	1.923076923
OAPGCV032590	84.21052632	10.52631579	5.263157895
OAPGCV042091	85.41666667	14.0625	0.520833333
OAPGCV045236	100	0	0
OAPGCV047345	94.23076923	3.846153846	1.923076923
OAPGCV049108	100	0	0
OAPGCV048348	50	0	50
OAPGCV051731	100	0	0
OAPGCV054045	90.77669903	4.368932039	4.854368932
OAPGCV036400	100	0	0
OAPGCV059708	79.27927928	0	20.72072072
OAPGCV008313	90.02375297	6.294536817	3.681710214
OAPGCV000971	0	100	0
OAPGCV056811	0	20	80
OAPGCV062938	0	100	0
OAPGCV032216	0	100	0
OAPGCV031769	0	69.07630522	30.92369478
OAPGCV001328	0	66.89655172	33.10344828
OAPGCV034811	0	89.47368421	10.52631579
OAPGCV055928	0	50	50
OAPGCV001746	0	90.90909091	9.090909091
OAPGCV028361	0	100	0
OAPGCV019762	0	100	0
OAPGCV031684	0	100	0
OAPGCV056986	0	91.76470588	8.235294118
OAPGCV029516	100	0	0
OAPGCV004633	0	75	25
OAPGCV058530	85.71428571	14.28571429	0
OAPGCV031031	100	0	0
OAPGCV046337	100	0	0
OAPGCV045592	100	0	0
OAPGCV049501	100	0	0
OAPGCV058792	90	5	5
OAPGCV037168	100	0	0
OAPGCV066885	0	100	0
OAPGCV065465	80	20	0
OAPGCV013656	71.42857143	14.28571429	14.28571429
OAPGCV065696	76.92307692	23.07692308	0
OAPGCV006822	83.33333333	16.66666667	0
OAPGCV032100	100	0	0
OAPGCV045628	100	0	0
OAPGCV068298	66.66666667	33.33333333	0
OAPGCV058900	100	0	0
OAPGCV032043	85.71428571	14.28571429	0
OAPGCV030321	100	0	0
OAPGCV039764	96.52173913	2.608695652	0.869565217
OAPGCV067568	100	0	0
OAPGCV039939	100	0	0
OAPGCV059972	100	0	0
OAPGCV063471	92.24318658	3.983228512	3.773584906
OAPGCV036786	85.10638298	12.76595745	2.127659574
OAPGCV064818	95.09803922	3.431372549	1.470588235
OAPGCV025827	87.96296296	5.555555556	6.481481481
OAPGCV043885	83.33333333	16.66666667	0
OAPGCV051565	92.59259259	4.938271605	2.469135802
OAPGCV036352	100	0	0
OAPGCV053426	95.53415061	2.539404553	1.926444834
OAPGCV058000	100	0	0
OAPGCV065359	99.43502825	0	0.564971751
OAPGCV059004	98.03921569	1.960784314	0
OAPGCV037392	90	8.571428571	1.428571429
OAPGCV051568	94.24242424	5.151515152	0.606060606
OAPGCV057993	100	0	0
OAPGCV016072	96.88311688	2.337662338	0.779220779
OAPGCV061571	87.96680498	5.394190871	6.639004149
OAPGCV051286	87.07107843	11.15196078	1.776960784
OAPGCV014483	76.99836868	17.12887439	5.872756933
OAPGCV031892	100	0	0
OAPGCV068303	100	0	0
OAPGCV049112	78.57142857	7.142857143	14.28571429
OAPGCV057413	65.78947368	5.263157895	28.94736842
OAPGCV063301	82.89557976	8.00768738	9.096732864
OAPGCV048722	100	0	0
OAPGCV048654	0	0	100
OAPGCV064996	33.33333333	66.66666667	0
OAPGCV046282	100	0	0
OAPGCV068055	95.71428571	4.285714286	0
OAPGCV051599	89.72972973	8.108108108	2.162162162
OAPGCV049914	100	0	0
OAPGCV064728	100	0	0
OAPGCV064958	100	0	0
OAPGCV064213	86.69064748	3.237410072	10.07194245
OAPGCV060789	93.10344828	6.896551724	0
OAPGCV006392	65.80645161	13.5483871	20.64516129
OAPGCV023748	46.15384615	38.46153846	15.38461538
OAPGCV065934	0	0	100
OAPGCV051201	88	10.4	1.6
OAPGCV055304	93.33333333	5.777777778	0.888888889
OAPGCV066510	100	0	0
OAPGCV033827	100	0	0
OAPGCV043796	93.75	3.75	2.5
OAPGCV004708	100	0	0
OAPGCV042819	25	12.5	62.5
OAPGCV047994	66.66666667	0	33.33333333
OAPGCV058593	100	0	0
OAPGCV018177	97.95918367	0	2.040816327
OAPGCV065512	85.11904762	8.928571429	5.952380952
OAPGCV062365	83.78378378	8.108108108	8.108108108
OAPGCV031989	0	100	0
OAPGCV063492	0.636942675	94.26751592	5.095541401
OAPGCV040267	0	3.333333333	96.66666667
OAPGCV064868	0	0	100
OAPGCV009921	0	0	100
OAPGCV058001	0	0	100
OAPGCV014062	0	85.71428571	14.28571429
OAPGCV060101	0	29.11392405	70.88607595
OAPGCV038840	0	0	100
OAPGCV027100	0	66.66666667	33.33333333
OAPGCV054709	100	0	0
OAPGCV025654	0	77.77777778	22.22222222
OAPGCV011951	100	0	0
OAPGCV064043	75	25	0
OAPGCV058131	80	20	0
OAPGCV029748	0	100	0
OAPGCV029946	100	0	0
OAPGCV032812	0	86.76470588	13.23529412
OAPGCV049301	90	5	5
OAPGCV068334	71.31147541	15.57377049	13.1147541
OAPGCV060535	77.77777778	11.11111111	11.11111111
OAPGCV055093	85.71428571	0	14.28571429
OAPGCV005810	33.33333333	33.33333333	33.33333333
OAPGCV052535	90.47619048	4.761904762	4.761904762
OAPGCV050072	100	0	0
OAPGCV062864	98.48993289	0.503355705	1.006711409
OAPGCV066918	89.7810219	4.379562044	5.839416058
OAPGCV008408	89.71603991	7.674597084	2.609363008
OAPGCV050312	80.14705882	13.97058824	5.882352941
OAPGCV044930	0	100	0
OAPGCV019436	80	10	10
OAPGCV013639	90.90909091	5.785123967	3.305785124
OAPGCV056605	100	0	0
OAPGCV040479	0	0	100
OAPGCV052161	80	0	20
OAPGCV067899	66.66666667	33.33333333	0
OAPGCV048093	0	0	100
OAPGCV029560	0	100	0
OAPGCV047902	0	63.63636364	36.36363636
OAPGCV001841	0	40	60
OAPGCV010804	0	100	0
OAPGCV032494	96.07843137	1.960784314	1.960784314
OAPGCV068143	88.23529412	5.882352941	5.882352941
OAPGCV021279	85	0	15
OAPGCV025482	93.75	6.25	0
OAPGCV044435	89.0625	7.8125	3.125
OAPGCV045097	86.36363636	13.63636364	0
OAPGCV029309	1.398601399	91.60839161	6.993006993
OAPGCV015981	100	0	0
OAPGCV027205	58.82352941	11.76470588	29.41176471
OAPGCV055160	100	0	0
OAPGCV062780	95.65217391	4.347826087	0
OAPGCV049023	0	0	100
OAPGCV032093	0	100	0
OAPGCV067996	0	100	0
OAPGCV031685	0	100	0
OAPGCV024814	69.23076923	15.38461538	15.38461538
OAPGCV050205	0	100	0
OAPGCV027296	95.50561798	4.494382022	0
OAPGCV058287	0	100	0
OAPGCV061269	0	0	100
OAPGCV027861	0	62.90322581	37.09677419
OAPGCV024318	0	87.5	12.5
OAPGCV010294	0	82.75862069	17.24137931
OAPGCV002360	0	100	0
OAPGCV047920	0	100	0
OAPGCV016798	0	92	8
OAPGCV062931	80	6.666666667	13.33333333
OAPGCV049004	41.13924051	8.227848101	50.63291139
OAPGCV031671	100	0	0
OAPGCV067107	100	0	0
OAPGCV058904	0	50	50
OAPGCV018827	0	73.68421053	26.31578947
OAPGCV020526	17.82178218	80.1980198	1.98019802
OAPGCV036778	90.54054054	8.108108108	1.351351351
OAPGCV066425	84.02777778	9.722222222	6.25
OAPGCV039477	100	0	0
OAPGCV040873	94.44444444	2.777777778	2.777777778
OAPGCV062817	0	100	0
OAPGCV063061	0	91.90031153	8.099688474
OAPGCV064342	80.35714286	13.39285714	6.25
OAPGCV050598	33.33333333	66.66666667	0
OAPGCV025433	0	0	100
OAPGCV027101	5.882352941	58.82352941	35.29411765
OAPGCV008322	0	0	100
OAPGCV018841	0	100	0
OAPGCV032329	7.692307692	86.53846154	5.769230769
OAPGCV064123	83.33333333	4.761904762	11.9047619
OAPGCV060399	45.61933535	16.01208459	38.36858006
OAPGCV031773	0	0	100
OAPGCV058095	80	0	20
OAPGCV031760	85.29411765	2.941176471	11.76470588
OAPGCV067978	0	100	0
OAPGCV030880	100	0	0
OAPGCV031020	80	0	20
OAPGCV036139	100	0	0
OAPGCV058186	0	100	0
OAPGCV058477	11.53846154	42.30769231	46.15384615
OAPGCV057772	9.523809524	85.71428571	4.761904762
OAPGCV065844	33.33333333	0	66.66666667
OAPGCV062510	0	46.15384615	53.84615385
OAPGCV035327	0	33.89830508	66.10169492
OAPGCV043970	89.47368421	1.754385965	8.771929825
OAPGCV067938	100	0	0
OAPGCV058886	75	25	0
OAPGCV062390	0	100	0
OAPGCV032724	0	100	0
OAPGCV031454	0	100	0
OAPGCV067734	100	0	0
OAPGCV045609	76.19047619	19.04761905	4.761904762
OAPGCV025839	80	20	0
OAPGCV067869	100	0	0
OAPGCV046636	100	0	0
OAPGCV043155	80.39215686	15.68627451	3.921568627
OAPGCV046631	100	0	0
OAPGCV045470	0	0	100
OAPGCV058887	81.81818182	9.090909091	9.090909091
OAPGCV062384	46.15384615	15.38461538	38.46153846
OAPGCV045582	63.63636364	18.18181818	18.18181818
OAPGCV068162	58.33333333	8.333333333	33.33333333
OAPGCV058514	100	0	0
OAPGCV059050	50	50	0
OAPGCV029646	0	100	0
OAPGCV068080	75	25	0
OAPGCV058268	85.71428571	14.28571429	0
OAPGCV046179	0	50	50
OAPGCV031972	71.42857143	14.28571429	14.28571429
OAPGCV061239	100	0	0
OAPGCV066037	6.41025641	78.20512821	15.38461538
OAPGCV047959	0	100	0
OAPGCV001599	0	98.8372093	1.162790698
OAPGCV013164	0	100	0
OAPGCV029854	0	89.55223881	10.44776119
OAPGCV025480	0	71.77419355	28.22580645
OAPGCV039721	0	33.33333333	66.66666667
OAPGCV066712	0	0	100
OAPGCV027782	0	100	0
OAPGCV038464	100	0	0
OAPGCV058513	0	100	0
OAPGCV000738	0	97.6744186	2.325581395
OAPGCV018994	0	100	0
OAPGCV065162	3.703703704	90.74074074	5.555555556
OAPGCV061241	4.166666667	87.5	8.333333333
OAPGCV037302	0	50	50
OAPGCV061144	0	100	0
OAPGCV053623	87.6933423	7.262945528	5.043712172
OAPGCV011833	14.56953642	83.44370861	1.986754967
OAPGCV063232	0	100	0
OAPGCV009549	0	0	100
OAPGCV068121	0	100	0
OAPGCV061181	0	75	25
OAPGCV061266	0	66.66666667	33.33333333
OAPGCV047702	0	0	100
OAPGCV001679	0	100	0
OAPGCV039872	90.35087719	7.01754386	2.631578947
OAPGCV058145	0	25	75
OAPGCV067945	25.92592593	48.14814815	25.92592593
OAPGCV015646	0	71.42857143	28.57142857
OAPGCV048653	0	99.33333333	0.666666667
OAPGCV019934	45.20780322	49.10941476	5.682782019
OAPGCV031713	0	50	50
OAPGCV007604	0	98.91304348	1.086956522
OAPGCV061177	0	100	0
OAPGCV059617	0	100	0
OAPGCV060422	0	100	0
OAPGCV064301	52.09513024	3.057757644	44.84711212
OAPGCV048230	0	100	0
OAPGCV047234	0	100	0
OAPGCV068319	0	100	0
OAPGCV058482	0	97.38219895	2.617801047
OAPGCV067903	0	100	0
OAPGCV013769	0	96.1722488	3.827751196
OAPGCV006899	6.451612903	93.5483871	0
OAPGCV029381	0	95.74468085	4.255319149
OAPGCV009387	0	100	0
OAPGCV005845	0	93.1372549	6.862745098
OAPGCV030059	0	0	100
OAPGCV068691	0	0	100
OAPGCV047242	0	100	0
OAPGCV027253	5.555555556	83.33333333	11.11111111
OAPGCV000365	0	57.14285714	42.85714286
OAPGCV029424	0	0	100
OAPGCV065136	66.66666667	33.33333333	0
OAPGCV066503	0.68119891	97.54768392	1.771117166
OAPGCV062692	20	20	60
OAPGCV065568	0.503778338	85.89420655	13.60201511
OAPGCV063172	0	98.46153846	1.538461538
OAPGCV038639	0	99.25373134	0.746268657
OAPGCV001795	0	85.71428571	14.28571429
OAPGCV012344	0	82.87671233	17.12328767
OAPGCV035575	0	87.5	12.5
OAPGCV007367	0	34.14634146	65.85365854
OAPGCV004029	0	0	100
OAPGCV002312	0	31.37254902	68.62745098
OAPGCV067393	0	82.35294118	17.64705882
OAPGCV012294	100	0	0
OAPGCV000999	0	94.73684211	5.263157895
OAPGCV032151	0	81.81818182	18.18181818
OAPGCV054623	2.816901408	0	97.18309859
OAPGCV040091	0	100	0
OAPGCV038702	0	100	0
OAPGCV065444	100	0	0
OAPGCV066954	0	0	100
OAPGCV001021	0	100	0
OAPGCV058600	0	25	75
OAPGCV048905	0	72.72727273	27.27272727
OAPGCV037924	0	91.08910891	8.910891089
OAPGCV036446	0	49.12280702	50.87719298
OAPGCV038789	0	0	100
OAPGCV038498	0	15.78947368	84.21052632
OAPGCV039892	100	0	0
OAPGCV039119	50	50	0
OAPGCV039742	93.18181818	0	6.818181818
OAPGCV057442	0	0	100
OAPGCV039377	0	32.43243243	67.56756757
OAPGCV039680	23.6453202	2.955665025	73.39901478
OAPGCV038228	0	37.80487805	62.19512195
OAPGCV039562	0	0	100
OAPGCV040499	1.818181818	16.36363636	81.81818182
OAPGCV038899	0	86.95652174	13.04347826
OAPGCV023828	0	20.06920415	79.93079585
OAPGCV014563	0.625	18.75	80.625
OAPGCV046518	0.64516129	92.90322581	6.451612903
OAPGCV040140	0	0	100
OAPGCV060873	0	12.5	87.5
OAPGCV040241	0	27.27272727	72.72727273
OAPGCV059879	1.57480315	68.50393701	29.92125984
OAPGCV061867	0	21.51898734	78.48101266
OAPGCV007826	0	40	60
OAPGCV039309	0	25.25252525	74.74747475
OAPGCV039148	0	77.10843373	22.89156627
OAPGCV040471	64.47368421	10.52631579	25
OAPGCV040113	0	12	88
OAPGCV038528	0	9.090909091	90.90909091
OAPGCV022820	0	0	100
OAPGCV040340	0	1.075268817	98.92473118
OAPGCV065373	0	12.33766234	87.66233766
OAPGCV034192	0	68	32
OAPGCV007286	0	80	20
OAPGCV060580	0	100	0
OAPGCV007210	0	83.58208955	16.41791045
OAPGCV005660	0	73.75415282	26.24584718
OAPGCV036487	0	86.79867987	13.20132013
OAPGCV054438	0	85.71428571	14.28571429
OAPGCV021447	0	100	0
OAPGCV027104	0	94.11764706	5.882352941
OAPGCV001878	0	100	0
OAPGCV015529	0	100	0
OAPGCV013962	0	96.47887324	3.521126761
OAPGCV058324	82.22222222	17.77777778	0
OAPGCV064899	99.2	0.8	0
OAPGCV065036	96.2962963	3.703703704	0
OAPGCV068408	91.58415842	7.425742574	0.99009901
OAPGCV060113	84.64912281	7.01754386	8.333333333
OAPGCV051814	4.580152672	0	95.41984733
OAPGCV065893	100	0	0
OAPGCV059814	92.70072993	5.839416058	1.459854015
OAPGCV068448	100	0	0
OAPGCV021014	83.33333333	16.66666667	0
OAPGCV004282	82.85714286	17.14285714	0
OAPGCV062815	100	0	0
OAPGCV037045	100	0	0
OAPGCV057173	100	0	0
OAPGCV033390	0	100	0
OAPGCV031058	0	100	0
OAPGCV029940	83.33333333	0	16.66666667
OAPGCV013570	0	100	0
OAPGCV031774	28.57142857	14.28571429	57.14285714
OAPGCV031124	100	0	0
OAPGCV045698	0	0	100
OAPGCV058349	66.66666667	25	8.333333333
OAPGCV066876	100	0	0
OAPGCV064116	0	100	0
OAPGCV011316	0	66.66666667	33.33333333
OAPGCV066693	0	100	0
OAPGCV065699	0	53.33333333	46.66666667
OAPGCV020264	0	100	0
OAPGCV004431	50	25	25
OAPGCV048409	0	96.875	3.125
OAPGCV056212	0	96.49122807	3.50877193
OAPGCV056707	83.33333333	6.666666667	10
OAPGCV005994	73.33333333	13.33333333	13.33333333
OAPGCV054601	74.13793103	15.51724138	10.34482759
OAPGCV002738	80.95238095	11.9047619	7.142857143
OAPGCV068665	0	100	0
OAPGCV062399	0	100	0
OAPGCV033445	0	100	0
OAPGCV047763	0	100	0
OAPGCV022410	0	100	0
OAPGCV038149	0	90	10
OAPGCV054297	100	0	0
OAPGCV040318	0	100	0
OAPGCV062023	0	100	0
OAPGCV050101	0	93.93939394	6.060606061
OAPGCV007204	0	100	0
OAPGCV066070	0	0	100
OAPGCV034999	0	0	100
OAPGCV040798	75.96153846	23.07692308	0.961538462
OAPGCV060726	0	50	50
OAPGCV062951	0	100	0
OAPGCV064448	0	100	0
OAPGCV057599	100	0	0
OAPGCV061864	0	100	0
OAPGCV062536	0	0	100
OAPGCV031823	5.263157895	94.73684211	0
OAPGCV032358	11.11111111	88.88888889	0
OAPGCV063778	0	100	0
OAPGCV059322	0	84.21052632	15.78947368
OAPGCV061166	0	100	0
OAPGCV010035	0	100	0
OAPGCV020981	0	91.66666667	8.333333333
OAPGCV056221	0	92.30769231	7.692307692
OAPGCV036610	0	100	0
OAPGCV022536	0	0	100
OAPGCV032175	0	66.66666667	33.33333333
OAPGCV036569	0	100	0
OAPGCV058857	0	83.33333333	16.66666667
OAPGCV040745	0	100	0
OAPGCV056328	0	66.66666667	33.33333333
OAPGCV057981	0	100	0
OAPGCV058113	0	100	0
OAPGCV058949	0	100	0
OAPGCV061245	0	66.66666667	33.33333333
OAPGCV031625	0	66.66666667	33.33333333
OAPGCV068682	0	100	0
OAPGCV055990	60	0	40
OAPGCV063141	61.11111111	15	23.88888889
OAPGCV008960	0	92.30769231	7.692307692
OAPGCV028037	0	100	0
OAPGCV029893	0	100	0
OAPGCV019910	0	100	0
OAPGCV053734	0	94.59459459	5.405405405
OAPGCV038665	50	12.5	37.5
OAPGCV032752	0	100	0
OAPGCV036551	0	100	0
OAPGCV031627	100	0	0
OAPGCV022498	0	100	0
OAPGCV039578	9.756097561	85.36585366	4.87804878
OAPGCV039577	0	100	0
OAPGCV040615	75	0	25
OAPGCV053969	0	100	0
OAPGCV056798	0	100	0
OAPGCV058708	100	0	0
OAPGCV058239	100	0	0
OAPGCV061035	0	100	0
OAPGCV062302	0	100	0
OAPGCV068685	0	100	0
OAPGCV000931	0	100	0
OAPGCV043769	0	100	0
OAPGCV068680	0	100	0
OAPGCV062400	0	100	0
OAPGCV061203	0	100	0
OAPGCV048195	0	92.85714286	7.142857143
OAPGCV047433	0	100	0
OAPGCV047223	0	100	0
OAPGCV047561	0	100	0
OAPGCV059867	0	0	100
OAPGCV029832	0	42.85714286	57.14285714
OAPGCV062539	0	0	100
OAPGCV068675	0	100	0
OAPGCV061168	0	100	0
OAPGCV062403	0	0	100
OAPGCV047244	0	100	0
OAPGCV037469	0	100	0
OAPGCV046222	100	0	0
OAPGCV059844	92.30769231	0	7.692307692
OAPGCV006927	100	0	0
OAPGCV028927	0	0	100
OAPGCV062346	100	0	0
OAPGCV042832	100	0	0
OAPGCV061063	0	100	0
OAPGCV033814	90	10	0
OAPGCV067969	0	50	50
OAPGCV063983	60	20	20
OAPGCV029729	100	0	0
OAPGCV062459	100	0	0
OAPGCV042627	100	0	0
OAPGCV042375	100	0	0
OAPGCV047505	0	100	0
OAPGCV063996	100	0	0
OAPGCV067205	60	0	40
OAPGCV044893	100	0	0
OAPGCV056606	100	0	0
OAPGCV048095	0	0	100
OAPGCV000792	0	57.14285714	42.85714286
OAPGCV068338	100	0	0
OAPGCV055929	0	0	100
OAPGCV058782	100	0	0
OAPGCV062811	0	100	0
OAPGCV030184	0	100	0
OAPGCV006037	0	100	0
OAPGCV044924	100	0	0
OAPGCV032522	100	0	0
OAPGCV050599	100	0	0
OAPGCV029672	100	0	0
OAPGCV046427	100	0	0
OAPGCV064711	100	0	0
OAPGCV056178	100	0	0
OAPGCV064258	53.84615385	23.07692308	23.07692308
OAPGCV007281	93.75	6.25	0
OAPGCV057692	66.66666667	33.33333333	0
OAPGCV014114	0	100	0
OAPGCV045066	33.33333333	66.66666667	0
OAPGCV058769	0	0	100
OAPGCV045008	100	0	0
OAPGCV048963	100	0	0
OAPGCV063994	100	0	0
OAPGCV067431	100	0	0
OAPGCV029937	57.14285714	0	42.85714286
OAPGCV066366	50	50	0
OAPGCV035332	100	0	0
OAPGCV031763	100	0	0
OAPGCV054918	52.63157895	15.78947368	31.57894737
OAPGCV032397	100	0	0
OAPGCV044046	88.23529412	0	11.76470588
OAPGCV060338	24.13793103	27.5862069	48.27586207
OAPGCV045891	40	20	40
