DATASET_MULTIBAR

SEPARATOR	TAB
DATASET_LABEL	host-phylum
COLOR	#ff0000

FIELD_COLORS	#8dd3c7	#a6cee3	#1f78b4	#b2df8a	#33a02c	#fb9a99	#e31a1c	#fdbf6f	#d9d9d9	#ff7f00	#cab2d6	#6a3d9a	#ffff99	#b15928	#575d63
FIELD_LABELS	Actinomycetota	Bacillota	Bacillota_A	Bacillota_B	Bacillota_C	Bacillota_I	Bacteroidota	Campylobacterota	other	Fusobacteriota	Patescibacteria	Pseudomonadota	Spirochaetota	Synergistota	multiple



DASHED_LINES	1
HEIGHT_FACTOR	2
WIDTH	75
MARGIN	25


DATA
OAPGCV000989	0	0	0	0	0	0	100	0	0	0	0	0	0	0	0
OAPGCV064568	0	0	0	0	0	0.309597523	86.37770898	0	0	0	0	0	0	0	8.359133127
OAPGCV045081	0	0	0	0	0	0	94.93670886	0	0	0	0	0	0	0	0
OAPGCV027347	0	0	0	0	0	0	98.14814815	0	0	0	0	0	0	0	0
OAPGCV064282	0	0	0	0	0	0	33.33333333	0	0	0	0	0	0	0	0
OAPGCV039639	0	0	0	0	0	6.849315068	70.54794521	0	0	0	0	0	0	0	3.424657534
OAPGCV062585	0	0	0	0	0	0	33.5483871	0	0	0	0	0	0	0	0
OAPGCV042661	0	0	0	0	0	0.531914894	69.68085106	0	0	0	0	0	0	0	0.531914894
OAPGCV061745	0	0	0	0	0	0	92.82868526	0	0	0	0	0	0	0	0
OAPGCV007447	0	0.267379679	0	0	0	0	50.80213904	0	0	0	0	0	0	0	0.534759358
OAPGCV055169	0	0	0	0	0	0	87.1657754	0	0	0	0	0	0	0	6.417112299
OAPGCV061185	80	0	0	0	0	0	0	0	0	0	0	0	0	0	0
OAPGCV044902	0	0	0	0	0	0	0	0	0	0	0	50	0	0	0
OAPGCV045797	0	0	1.369863014	0	28.76712329	0	0	0	0	0	0	0	0	0	1.369863014
OAPGCV067966	0	0	0	0	0	0	0	0	0	0	0	100	0	0	0
OAPGCV037198	0	0	0	0	0	0	0	0	0	0	0	100	0	0	0
OAPGCV044908	0	0	0	0	0	0	0	0	0	0	0	81.95211786	0	0	0
OAPGCV060156	0	0	0	0	0	0	0	0	0	0	0	93.87387387	0	0	0
OAPGCV017814	0	0	54.54545455	0	0	0	0	0	0	0	0	0	0	0	0
OAPGCV000364	0	0	0	0	0	0	0	0	0	0	0	100	0	0	0
OAPGCV041227	0	0	0	0	0	0	0	0	0	0	0	96	0	0	0
OAPGCV062394	0	0	0	0	0	0	0	0	0	0	0	50	0	0	0
OAPGCV059039	0	0	0	0	0	0	0	0	0	0	0	100	0	0	0
OAPGCV037051	0	100	0	0	0	0	0	0	0	0	0	0	0	0	0
OAPGCV055728	0	0	0	0	0	0.917431193	83.02752294	0	0	0	0	0	0	0	1.834862385
OAPGCV036909	50	0	0	0	0	0	0	0	0	0	0	0	0	0	50
OAPGCV030131	0	0	0	0	0	0	0	0	0	0	0	42.85714286	0	0	0
OAPGCV049270	0	0	0	0	0	0	0	0	0	0	0	50	0	0	0
OAPGCV050782	0	0	0	0	0	0	0	0	0	0	0	0	0	100	0
OAPGCV057333	0	0	0	0	0	0	0	0	0	0	0	25	0	0	0
OAPGCV031125	0	0	0	0	0	0	0	0	0	0	0	100	0	0	0
OAPGCV040350	0	0	0	0	0	0	0	0	0	0	0	100	0	0	0
OAPGCV058096	0	0	0	0	0	0	0	0	0	0	0	76.47058824	0	0	0
OAPGCV045935	0	0	0	0	0	0	0	0	0	0	0	100	0	0	0
OAPGCV029525	0	0	0	0	0	0	0	0	0	0	0	100	0	0	0
OAPGCV031825	0	0	0	0	0	0	0	0	0	0	0	60	0	0	0
OAPGCV031679	0	0	0	0	0	0	0	0	0	0	0	85.71428571	0	0	0
OAPGCV032829	0	0	0	0	0	0	0	0	0	0	0	80	0	0	0
OAPGCV019185	0	0	0	0	0	0	0	0	0	0	0	96.11650485	0	0	0
OAPGCV002351	0	0.534759358	0	0	0	0	0	2.852049911	0	0	0	94.11764706	0	0	0.356506239
OAPGCV045714	0	0	0	0	0	0	0	0	0	0	0	40	0	0	0
OAPGCV030396	0	0	0	0	0	0	0	0	0	0	0	46.66666667	0	0	0
OAPGCV053455	0	0	0	0	0	0	0	0	0	0	0	96.36363636	0	0	0
OAPGCV037298	0	0	0	0	0	0	0	0	0	0	0	83.33333333	0	0	0
OAPGCV017785	0	0	0	0	0	0	0	0	0	0	0	75	0	0	0
OAPGCV045529	0.338983051	0	0	0	0	0	0	0	0	0	0	95.76271186	0	0	3.389830508
OAPGCV045065	0	4.347826087	0	0	0	0	0	0	0	0	0	30.43478261	0	0	4.347826087
OAPGCV044960	0	0	0	0	0	0	0	0	0	0	0	10.52631579	0	0	0
OAPGCV058943	0	0	0	0	0	0	0	0	0	0	0	42.85714286	0	0	0
OAPGCV048734	0	0	0	0	0	0	0	0	0	0	0	66.66666667	0	0	0
OAPGCV031105	0	0	0	0	0	0	0	0	0	0	0	35.29411765	0	0	0
OAPGCV029980	0	0	0	0	0	0	0	0	0	0	0	12.5	0	0	0
OAPGCV029888	0	0	0	0	0	0	0	0	0	0	0	44.44444444	0	0	0
OAPGCV045675	0	0	0	0	0	0	0	0	0	0	0	100	0	0	0
OAPGCV049211	0	0	0	0	0	0	0	0	0	0	0	85.71428571	0	0	0
OAPGCV015180	0	0	0	0	0	0	0	0	0	0	0	100	0	0	0
OAPGCV062379	0	0	0	0	0	0	0	0	0	0	0	100	0	0	0
OAPGCV031927	0	0	0	0	0	0	0	0	0	0	0	50	0	0	0
OAPGCV037991	0	0	0	0	0	0	0	0	0	0	0	47.05882353	0	0	17.64705882
OAPGCV058301	0	0	0	0	0	0	0	0	0	0	0	68.75	0	0	0
OAPGCV044963	0	0	0	0	0	0	0	0	0	0	0	100	0	0	0
OAPGCV045938	0	0	0	0	0	0	0	0	0	0	0	100	0	0	0
OAPGCV039311	0	0	0	0	0	0	0	0	0	0	0	33.33333333	0	0	0
OAPGCV045325	0	0	0	0	0	0	0	0	0	0	0	50	0	0	0
OAPGCV067967	0	0	0	0	0	0	0	0	0	0	0	100	0	0	0
OAPGCV045329	0	0	0	0	0	0	0	0	0	0	0	33.33333333	0	0	0
OAPGCV030185	0	0	0	0	0	0	0	0	0	0	0	20	0	0	0
OAPGCV033729	0	0	0	0	0	0	0	0	0	0	0	78.19548872	0	0	0
OAPGCV068396	46.15384615	0	0	0	0	0	0	0	0	0	0	0	0	0	0
OAPGCV004489	0	0	0	0	0	0	0	0	0	0	0	8.904109589	0	0	0
OAPGCV047667	0	0	0	0	0	0	0	0	0	0	0	78.94736842	0	0	0
OAPGCV024022	0	0	0	0	0	0	0	0	0	0	0	18.30985915	0	0	0
OAPGCV029375	0	0	0	0	0	0	0	50	0	0	0	0	0	0	0
OAPGCV012702	39.00255754	0	0	0	0	0	0	0	0	0	0	0	0	0	0
OAPGCV031652	0	0	0	0	0	0	6.12244898	0	0	0	0	0	0	0	0
OAPGCV022650	0	0	0	0	0	0	60.8	0	0	0	0	0	0	0	0
OAPGCV047693	0	0	0	0	0	0	4.761904762	0	0	0	0	0	0	0	0
OAPGCV068276	2.857142857	0	0	0	0	65.71428571	0	0	0	0	0	0	0	0	0
OAPGCV018877	0	0	18.18181818	0	0	0	0	0	0	0	0	0	0	0	0
OAPGCV005142	0	0	0	0	0	0	9.259259259	0	0	0	0	0	0	0	0
OAPGCV004837	0	0	0	0	0	0	100	0	0	0	0	0	0	0	0
OAPGCV048500	0	0	0	0	0	0	51.72413793	0	0	0	0	0	0	0	0
OAPGCV003420	0	100	0	0	0	0	0	0	0	0	0	0	0	0	0
OAPGCV058566	0	84.50704225	0	0	0	0	0	0	0	0	0	0	0	0	0
OAPGCV032461	0	0	100	0	0	0	0	0	0	0	0	0	0	0	0
OAPGCV030549	0	0	100	0	0	0	0	0	0	0	0	0	0	0	0
OAPGCV027839	0	0	0	0	83.56164384	0	0	0	0	0	0	0	0	0	0
OAPGCV011521	0	0	0.33557047	0	81.87919463	0	0.33557047	0	0	0	0	0	0	0	3.020134228
OAPGCV023746	67.30769231	2.884615385	0	0	0	0	0	0	0	0	0	0	0	0	15.38461538
OAPGCV018377	0	5.882352941	52.94117647	0	0	0	0	0	0	0	0	0	0	0	0
OAPGCV061275	0	0	0	33.33333333	0	0	0	0	0	0	0	0	0	0	0
OAPGCV058065	72.5	0	0	0	0	0	0	0	0	0	0	0	0	0	0
OAPGCV062503	100	0	0	0	0	0	0	0	0	0	0	0	0	0	0
OAPGCV013575	100	0	0	0	0	0	0	0	0	0	0	0	0	0	0
OAPGCV006811	98.58267717	0	0	0	0	0	0	0	0	0	0	0	0	0	0.157480315
OAPGCV064156	100	0	0	0	0	0	0	0	0	0	0	0	0	0	0
OAPGCV013752	83.96226415	0	0	0	0	0	0	0	0	0	0	0	0	0	0
OAPGCV016201	97.30769231	0	0	0	0	0	0	0	0	0	0	0	0	0	0
OAPGCV058467	85.71428571	0	0	0	0	0	0	0	0	0	0	0	0	0	0
OAPGCV059510	100	0	0	0	0	0	0	0	0	0	0	0	0	0	0
OAPGCV057522	77.11864407	0	0	0	0	0	0	0	0	0	0	0	0	0	0
OAPGCV026892	100	0	0	0	0	0	0	0	0	0	0	0	0	0	0
OAPGCV003504	6.40569395	0	0	0	0	0	0	0	0	0	0	0	0	0	0
OAPGCV025479	75.67567568	0	0	0	0	0	0	0	0	0	0	0	0	0	1.292596945
OAPGCV064992	11.71171171	0	0	0	0	0	0	0	0	0	0	0	0	0	0
OAPGCV024176	84.61538462	0	0	0	0	0	0	0	0	0	0	0	0	0	0
OAPGCV016206	99.13043478	0	0	0	0	0	0	0	0	0	0	0	0	0	0
OAPGCV011376	78.49829352	0	0	0	0	0	0	0	0	0	0	0	0	0	14.67576792
OAPGCV017566	94.5368171	0	0	0	0	0	0	0	0	0	0	0	0	0	0
OAPGCV045460	53.71428571	0	0	0	0	0	0	0	0	0	0	0	0	0	0
OAPGCV007582	76.49880096	0	0	0	0	0	0	0	0	0	0	0	0	0	0
OAPGCV050213	75.88235294	0	0	0	0	0	0	0	0	0	0	0	0	0	0
OAPGCV000006	3.921568627	0	0	0	0	0	0	0	0	0	0	0	0	0	0
OAPGCV020718	30.34482759	0	0	0	0	0	0	0	0	0	0	0	0	0	0
OAPGCV058238	66.66666667	0	0	0	0	0	0	0	0	0	0	0	0	0	0
OAPGCV018929	88.88888889	0	0	0	0	0	0	0	0	0	0	0	0	0	0
OAPGCV065017	95.48387097	0	0	0	0	0	0	0	0	0	0	0	0	0	2.903225806
OAPGCV033854	42.81609195	0	0	0	0	0	0	0	0	0	0	0	0	0	0
OAPGCV033773	100	0	0	0	0	0	0	0	0	0	0	0	0	0	0
OAPGCV055135	36.21262458	0	0	0	0	0	0	0	0	0	0	0	0	0	63.4551495
OAPGCV049775	70.10463378	0	0	0	0	0	0	0	0	0	0	0	0	0	28.99850523
OAPGCV015560	100	0	0	0	0	0	0	0	0	0	0	0	0	0	0
OAPGCV044970	100	0	0	0	0	0	0	0	0	0	0	0	0	0	0
OAPGCV058709	93.75	0	0	0	0	0	0	0	0	0	0	0	0	0	0
OAPGCV050471	40.0862069	0	0	0	0	0	0	0	0	0	0	0	0	0	0
OAPGCV065648	42.85714286	0	0	0	0	0	0	0	0	0	0	0	0	0	0
OAPGCV006036	57.14285714	0	0	0	0	0	0	0	0	0	0	0	0	0	0
OAPGCV050530	100	0	0	0	0	0	0	0	0	0	0	0	0	0	0
OAPGCV007298	100	0	0	0	0	0	0	0	0	0	0	0	0	0	0
OAPGCV027397	0	5.405405405	0	0	0	0	0	0	0	0	0	0	0	0	0
OAPGCV007662	0	37.73265651	6.260575296	0	0	0	0	0	0	0	0	0	0	0	28.42639594
OAPGCV013350	11.11111111	0	0	0	0	0	0	0	0	0	0	0	0	0	0
OAPGCV014404	0	0	0	0	0	0	0	0	0	0	53.33333333	0	0	0	0
OAPGCV009626	0	0	0	0	0	0	0	0	0	0	60	0	0	0	0
OAPGCV002564	0	0	0	0	0	0	0	0	0	0	91.66666667	0	0	0	0.416666667
OAPGCV067987	0	0	0	0	0	0	0	0	0	0	73.64016736	0	0	0	0
OAPGCV025780	0	0	0	0	0	0	0	0	0	0	11.53846154	0	0	0	0
OAPGCV026001	0	0	0	0	0	0	0	0	0	0	74.03314917	0	0	0	0
OAPGCV012121	0	0	0	0	0	0	0	0	0	0	34.65703971	0	0	0	0
OAPGCV034262	0	0	0	0	0	0	0	0	0	0	100	0	0	0	0
OAPGCV042722	0	0	0	0	0	19.04761905	0	0	0	0	0	0	0	0	0
OAPGCV041683	0	0	0	0	0	0	0	0	0	0	45.82278481	0	0	0	0.253164557
OAPGCV046398	0	0	3.260869565	0	0	1.086956522	0	0	0	0	0	0	0	0	0
OAPGCV063933	4	0	0	0	0	0	0	0	0	0	24	0	0	0	16
OAPGCV037310	0	0	0	0	0	0	100	0	0	0	0	0	0	0	0
OAPGCV066438	0	0	0	0	0	0	0	0	0	0	36.97478992	0	0	0	0
OAPGCV064508	0	0	0	0	0	0	0	0	0	0	38.46153846	0	0	0	0
OAPGCV028677	0	0	0	0	0	0	0	0	0	0	100	0	0	0	0
OAPGCV026415	0	0	0	0	0	0	0	0	0	0	78.5	0	0	0	1
OAPGCV006677	32.55230126	53.84937238	2.175732218	0	0	0.460251046	0	0	0	0	0	0	0	0	0.627615063
OAPGCV027745	0	0	66.66666667	0	0	0	0	0	0	0	0	0	0	0	0
OAPGCV061920	7.894736842	0	57.89473684	0	0	0	0	0	0	0	0	0	0	0	0
OAPGCV006108	0	0	9.756097561	0	75.6097561	0	0	0	0	0	0	0	0	0	12.19512195
OAPGCV016405	0	0	0	0	73.68421053	0	0	0	0	0	0	0	5.263157895	0	0
OAPGCV016237	0	76.89655172	0	0	0	1.379310345	0	0	0	0	0	0	0	0	0
OAPGCV033986	0	0	0	0	0	0	38.46153846	0	0	0	0	0	0	0	0
OAPGCV038469	0	0	0	0	0	0	0	0	0	84.61538462	0	0	0	0	15.38461538
OAPGCV009615	0	0	0	0	0	0	0	0	0	70.45454545	0	0	0	0	0
OAPGCV004608	0	0	0	0	0	0	0	0	0	94.93087558	0	0	0	0	0
OAPGCV013987	0	0	0	0	0	0	0	0	0	93.58974359	0	0	0	0	2.564102564
OAPGCV046242	0	0	0	0	0	0	0	0	0	100	0	0	0	0	0
OAPGCV005863	0	0	0	0	0	0	0	0	0	11.76470588	0	0	0	0	0
OAPGCV047475	0	0	0	0	0	0	0	0	0	18.18181818	0	0	0	0	0
OAPGCV054776	0	0	66.66666667	0	0	0	0	0	0	0	0	0	0	0	0
OAPGCV009919	0	0	97.24770642	0	0	0	0	0	0	0	0	0	0	0	0
OAPGCV002486	0	0	0	100	0	0	0	0	0	0	0	0	0	0	0
OAPGCV017502	0	14.28571429	0	0	0	0	0	0	0	0	0	0	0	0	0
OAPGCV066630	0	28.45744681	7.579787234	0	27.65957447	0	0	0	0	10.10638298	0	0	0	0	0.332446809
OAPGCV016363	0	0	0	0	99.24050633	0	0	0	0	0	0	0	0	0	0
OAPGCV051575	0	0	0	0	65.64792176	0	0	0	0	0	0	0	0	0	0.122249389
OAPGCV046101	0	0	96.41255605	0	0.448430493	0	0	0	0	0	0	0	0	0	0
OAPGCV057562	0	0	33.33333333	0	0	0	0	0	0	0	0	0	0	0	0
OAPGCV025011	0	0	0	0.930232558	0	0	0	0	0	91.1627907	0	0	0	0	0.465116279
OAPGCV051918	0	0	89.61038961	0	0	0	0	0	0	0	0	0	0	0	0
OAPGCV008969	0	0	0	0	0	0	0	0	0	95.79439252	0	0	0	0	1.401869159
OAPGCV042958	0	0	0	0	54.45026178	0	0	0	0	0	0	0	0.523560209	0.523560209	0
OAPGCV047349	0	0	0	0	0	0	0	0	0	0	0	0	12.5	0	87.5
OAPGCV045271	0	0	0	0	83.33333333	0	0	0	0	0	0	0	0	0	5.555555556
OAPGCV044194	0	0	0	0	63.20754717	0	0	0	0	0	0	0	0	0	0
OAPGCV045866	0	0	0	0	89.453125	0	0	0	0	0	0	0	0	0	0
OAPGCV001954	0	0	0	0	80.73394495	4.587155963	0	0	0	0	0	0	0	0	0.786369594
OAPGCV058982	0	0	0	0	0	0	0	0	0	0	0	61.53846154	0	0	0
OAPGCV031981	0	0	0	0	78.94736842	0	0	0	0	0	0	0	0	0	0
OAPGCV044141	0	0	0	0	78.84615385	0	0	0	0	0	0	0	0	0	0
OAPGCV032590	0	0	0	0	92.98245614	0	0	0	0	0	0	0	0	0	5.263157895
OAPGCV042091	0	0	0	0	68.22916667	0	0	0	0	0	0	0	0	0	0
OAPGCV045236	0	50	0	0	0	0	0	0	0	0	0	0	0	0	0
OAPGCV047345	0	0	98.07692308	0	0	0	0	0	0	0	0	0	0	0	0
OAPGCV051731	100	0	0	0	0	0	0	0	0	0	0	0	0	0	0
OAPGCV054045	0.485436893	35.9223301	4.854368932	0	12.13592233	0	0	0	0	0	0	0	0	0	0.485436893
OAPGCV059708	0	0	0	0	0	0	0	0	0	100	0	0	0	0	0
OAPGCV008313	0	0	1.90023753	0	56.17577197	0.118764846	0	0	0	31.82897862	0	0	0	0	3.087885986
OAPGCV000971	0	0	0	0	0	0	100	0	0	0	0	0	0	0	0
OAPGCV056811	0	0	0	0	0	0	100	0	0	0	0	0	0	0	0
OAPGCV031769	0	0	0	0	0	0	0	0	0	0	0	33.73493976	0	0	0
OAPGCV001328	0	0	0	0	0	0	0	0	0	0	0	7.586206897	0	0	0
OAPGCV034811	0	0	0	0	0	0	0	0	0	0	0	34.21052632	0	0	0
OAPGCV001746	0	0	0	0	0	0	90.90909091	0	0	0	0	0	0	0	0
OAPGCV028361	0	0	0	0	0	0	100	0	0	0	0	0	0	0	0
OAPGCV056986	0	0	0	0	0	0	0	84.70588235	0	0	0	0	0	0	0
OAPGCV058530	0	35.71428571	0	0	0	0	0	0	0	0	0	0	0	0	0
OAPGCV031031	0	0	100	0	0	0	0	0	0	0	0	0	0	0	0
OAPGCV049501	0	0	87.5	0	0	0	0	0	0	0	0	0	0	0	0
OAPGCV058792	0	0	55	0	0	0	0	0	0	0	0	0	0	0	0
OAPGCV037168	0	0	33.33333333	0	0	0	0	0	0	0	0	0	0	0	0
OAPGCV065465	0	20	0	0	0	0	0	0	0	0	0	0	0	0	0
OAPGCV013656	0	14.28571429	0	0	0	0	0	0	0	0	0	0	0	0	0
OAPGCV065696	0	23.07692308	0	0	0	0	0	0	0	0	0	0	0	0	0
OAPGCV006822	0	16.66666667	0	0	0	0	0	0	0	0	0	0	0	0	0
OAPGCV045628	0	33.33333333	0	0	0	0	0	0	0	0	0	0	0	0	0
OAPGCV068298	0	33.33333333	0	0	0	0	0	0	0	0	0	0	0	0	0
OAPGCV058900	0	75	0	0	0	0	0	0	0	0	0	0	0	0	0
OAPGCV030321	0	33.33333333	0	0	0	0	0	0	0	0	0	0	0	0	0
OAPGCV039764	0	60.86956522	0	0	0	0	0	0	0	0	0	0	0	0	0
OAPGCV067568	0	25	0	0	0	0	0	0	0	0	0	0	0	0	0
OAPGCV039939	0	68.57142857	0	0	0	0	0	0	0	0	0	0	0	0	0
OAPGCV063471	0	80.92243187	0	0	0	0	0.139762404	0	0	0	0	0	0	0	2.655485674
OAPGCV036786	0	2.127659574	25.53191489	0	0	0	0	0	0	0	0	0	0	0	14.89361702
OAPGCV064818	0	75.98039216	0	0	0	0	0	0	0	0	0	0	0	0	0
OAPGCV025827	0	98.14814815	0	0	0	0	0	0	0	0	0	0	0	0	0
OAPGCV043885	0	0	66.66666667	0	0	0	0	0	0	0	0	0	0	0	0
OAPGCV051565	0	67.90123457	0	0	0	0	0	0	0	0	0	0	0	0	0
OAPGCV036352	0	0	50	0	0	0	0	0	0	0	0	0	0	0	0
OAPGCV053426	0	80.21015762	4.640980736	0	0	0	0	0	0	0	0	0	0	0	0.875656743
OAPGCV065359	0	94.09347714	0	0	0	0	0	0	0	0	0	0	0	0	0.102722137
OAPGCV059004	0	9.803921569	54.90196078	0	0	0	0	0	0	0	0	0	0	0	0
OAPGCV037392	0	78.57142857	0	0	0	0	0	0	0	0	0	0	0	0	1.428571429
OAPGCV051568	0	89.6969697	0	0	0	0	0	0	0	0	0	0	0	0	5.757575758
OAPGCV057993	0	16.66666667	0	0	0	0	0	0	0	0	0	0	0	0	0
OAPGCV016072	0	94.80519481	0	0	0	0	0	0	0	0	0	0	0	0	0.25974026
OAPGCV061571	0	90.45643154	0	0	0	0	0	0	0	0	0	0	0	0	0
OAPGCV051286	1.102941176	73.46813725	2.389705882	0	0	3.982843137	0	0	0	0	0	0	0	0	0.490196078
OAPGCV014483	0	84.82871126	0	0	0	0	0	0	0	0	0	0	0	0	0.163132137
OAPGCV031892	0	66.66666667	0	0	0	0	0	0	0	0	0	0	0	0	0
OAPGCV049112	0	64.28571429	0	0	0	0	0	0	0	0	0	0	0	0	0
OAPGCV057413	0	26.31578947	0	0	0	0	0	0	0	0	0	0	0	0	0
OAPGCV063301	0	82.57527226	0	0	0	0	0	0	0	0	0	0	0	0	5.829596413
OAPGCV064996	0	0	0	0	0	0	0	0	0	0	0	0	100	0	0
OAPGCV046282	0	0	0	0	0	0	0	0	0	0	0	0	50	0	50
OAPGCV068055	0	0	0	0	0	78.57142857	0	0	0	0	0	0	0	0	8.571428571
OAPGCV051599	0	0	30.27027027	0	0	69.18918919	0	0	0	0	0	0	0	0	0
OAPGCV064728	0	0	0	0	0	100	0	0	0	0	0	0	0	0	0
OAPGCV064958	0	0	0	0	0	100	0	0	0	0	0	0	0	0	0
OAPGCV064213	0	0	46.04316547	1.079136691	0	14.38848921	0	0	0	0	0	0	0	0	26.61870504
OAPGCV060789	0	0	58.62068966	0	0	0	0	0	0	0	0	0	0	0	0
OAPGCV006392	0	0	98.70967742	0	0	0	0	0	0	0	0	0	0	0	0
OAPGCV023748	0	0	0	0	0	5.128205128	0	0	0	0	0	0	79.48717949	0	10.25641026
OAPGCV051201	0	0	88	0	0	0	0	0	0	0	0	0	0	0	12
OAPGCV055304	0	0	79.11111111	0	0	0	0	0	0	0	0	0	0	0	0.444444444
OAPGCV033827	0	0	80	0	0	0	0	0	0	0	0	0	0	0	0
OAPGCV043796	0	0	61.25	0	0	0	0	0	0	0	0	0	0	0	0
OAPGCV004708	0	0	0	0	0	0	0	0	0	50	0	0	0	0	0
OAPGCV042819	0	0	12.5	0	0	0	0	0	0	0	0	0	0	0	0
OAPGCV047994	0	0	83.33333333	0	0	0	0	0	0	0	0	0	0	0	0
OAPGCV018177	0	0	75.51020408	0	0	8.163265306	0	0	0	0	0	0	0	0	0
OAPGCV065512	0	0	36.30952381	0	0	0	0	0	0	0	0	0	0	0	0
OAPGCV062365	0	0	86.48648649	0	0	0	0	0	0	0	0	0	0	0	0
OAPGCV031989	0	0	0	0	0	0	75	0	0	0	0	0	0	0	0
OAPGCV063492	0	0	0	0	0	0.636942675	40.76433121	0	0	0	0	0	0	0	0
OAPGCV040267	90	0	0	0	0	0	0	0	0	0	0	0	0	0	3.333333333
OAPGCV064868	0	96.61016949	0	0	0	0	0	0	0	0	0	0	0	0	0
OAPGCV009921	0	0	0	0	0	0	0	0	0	0	0	9.090909091	0	0	0
OAPGCV014062	100	0	0	0	0	0	0	0	0	0	0	0	0	0	0
OAPGCV060101	65.82278481	0	0	0	0	0	0	0	0	0	0	0	0	0	34.17721519
OAPGCV038840	50	0	0	0	0	0	0	0	0	0	0	0	0	0	16.66666667
OAPGCV027100	0	33.33333333	0	0	0	0	0	0	0	0	0	0	0	0	0
OAPGCV054709	0	100	0	0	0	0	0	0	0	0	0	0	0	0	0
OAPGCV011951	0	0	50	0	0	0	0	0	0	0	0	0	0	0	0
OAPGCV064043	0	0	50	0	0	0	0	0	0	0	0	0	0	0	0
OAPGCV058131	0	0	60	0	0	0	0	0	0	0	0	0	0	0	0
OAPGCV032812	0	0	0	0	0	1.470588235	89.70588235	0	0	0	0	0	0	0	0
OAPGCV049301	0	30	0	0	0	0	0	0	0	0	0	0	0	0	0
OAPGCV068334	0	8.196721311	0	0	0	0	0	0	0	0	0	0	0	0	0
OAPGCV060535	0	77.77777778	0	0	0	0	0	0	0	0	0	0	0	0	0
OAPGCV055093	0	28.57142857	0	0	0	0	0	0	0	0	0	0	0	0	0
OAPGCV005810	0	0	100	0	0	0	0	0	0	0	0	0	0	0	0
OAPGCV052535	0	80.95238095	0	0	0	0	0	0	0	0	0	0	0	0	0
OAPGCV062864	0	97.31543624	1.510067114	0	0	0	0	0	0	0	0	0	0	0	0.838926174
OAPGCV066918	0	90.51094891	0	0	0	0	0	0	0	0	0	0	0	0	0.364963504
OAPGCV008408	0	88.18112049	0.383729854	0	0	0	0	0	0	0.076745971	0	0	0	0	0.690713738
OAPGCV050312	0	97.79411765	0	0	0	0	0	0	0	0	0	0	0	0	0
OAPGCV044930	0	100	0	0	0	0	0	0	0	0	0	0	0	0	0
OAPGCV019436	0	40	0	0	0	0	0	0	0	0	0	0	0	0	0
OAPGCV013639	0	83.47107438	0	0	0	0	0	0	0	0	0	0	0	0	2.479338843
OAPGCV040479	0	0	0	100	0	0	0	0	0	0	0	0	0	0	0
OAPGCV052161	0	80	0	0	0	0	0	0	0	0	0	0	0	0	0
OAPGCV047902	0	0	0	0	0	0	0	0	0	0	0	63.63636364	0	0	0
OAPGCV032494	0	0	98.03921569	0	0	0	0	0	0	0	0	0	0	0	0
OAPGCV068143	76.47058824	0	0	0	0	0	0	0	0	0	0	0	0	0	0
OAPGCV021279	40	0	0	0	0	0	0	0	0	0	0	0	0	0	0
OAPGCV025482	75	0	0	0	0	0	0	0	0	0	0	0	0	0	0
OAPGCV044435	93.75	0	0	0	0	0	0	0	0	0	0	0	0	0	0
OAPGCV045097	0	0	0	0	0	0	0	0	0	77.27272727	0	0	0	0	18.18181818
OAPGCV029309	25.17482517	0	0	0	0	0	0	0	0	0	0	0	0	0	1.398601399
OAPGCV015981	0	0	100	0	0	0	0	0	0	0	0	0	0	0	0
OAPGCV027205	0	0	100	0	0	0	0	0	0	0	0	0	0	0	0
OAPGCV055160	0	26.66666667	6.666666667	0	13.33333333	0	0	0	0	0	0	0	0	0	0
OAPGCV062780	52.17391304	0	0	0	0	0	0	0	0	47.82608696	0	0	0	0	0
OAPGCV024814	0	0	0	0	0	0	0	92.30769231	0	0	0	7.692307692	0	0	0
OAPGCV027296	0.561797753	0	0	0	43.25842697	0	0	0	0	0	0	0	0	0	25.28089888
OAPGCV024318	0	0	0	0	0	0	0	0	0	0	0	75	0	0	0
OAPGCV010294	0	0	0	0	0	0	0	0	0	0	0	15.51724138	0	0	0
OAPGCV047920	12.5	0	0	0	0	0	0	0	0	0	0	0	0	0	0
OAPGCV062931	0	0	0	0	0	0	73.33333333	0	0	0	0	0	0	0	0
OAPGCV049004	0	0	0	0	0	0	35.44303797	0	0	0	0	0	0	0	0
OAPGCV031671	0	100	0	0	0	0	0	0	0	0	0	0	0	0	0
OAPGCV067107	0	85.71428571	0	0	0	0	0	0	0	0	0	0	0	0	0
OAPGCV018827	0	0	0	0	0	0	0	5.263157895	0	0	0	0	0	0	0
OAPGCV020526	0	0	0	0	0	0	0	45.54455446	0	0	0	0	0	0	0
OAPGCV036778	0	0	0	0	0	0	0	67.56756757	0	0	0	0	0	0	0
OAPGCV066425	0	0	0	0	0	0	0	99.30555556	0	0	0	0	0	0	0
OAPGCV039477	0	0	0	0	0	0	0	100	0	0	0	0	0	0	0
OAPGCV040873	0	0	0	0	0	0	0	97.77777778	0	0	0	0	0	0	0
OAPGCV063061	0.31152648	0	0	0	0	0	0	0	0	0	0	0	0	0	0
OAPGCV064342	71.42857143	0	0	0	0	0	0	0	0	0	0	0	0	0	0
OAPGCV050598	100	0	0	0	0	0	0	0	0	0	0	0	0	0	0
OAPGCV025433	0	0	0	0	0	0	0	0	0	0	0	50	0	0	0
OAPGCV027101	0	0	0	0	0	0	0	0	0	0	0	76.47058824	0	0	0
OAPGCV018841	0	0	0	0	0	0	0	0	0	0	0	100	0	0	0
OAPGCV032329	0	0	0	0	0	0	0	0	0	0	0	50	0	0	0
OAPGCV064123	0	0	0	0	0	0	90.47619048	0	0	0	0	0	0	0	0
OAPGCV060399	0	0	0	0	0	0.302114804	92.74924471	0	0	0	0	0	0	0	3.021148036
OAPGCV058095	0	0	0	0	0	0	0	0	0	0	0	60	0	0	0
OAPGCV031760	0	0	0	0	0	0	0	0	0	0	0	44.11764706	0	0	0
OAPGCV031020	0	0	0	0	0	0	0	0	0	0	0	10	0	0	0
OAPGCV036139	0	0	0	0	0	0	0	100	0	0	0	0	0	0	0
OAPGCV058477	43.58974359	0	0	0	0	0	0	0	0	0	0	0	0	0	0
OAPGCV057772	9.523809524	0	0	0	0	0	0	0	0	0	0	0	0	0	0
OAPGCV065844	100	0	0	0	0	0	0	0	0	0	0	0	0	0	0
OAPGCV062510	96.15384615	0	0	0	0	0	0	0	0	0	0	0	0	0	0
OAPGCV035327	50.84745763	0	0	0	0	0	0	0	0	0	0	0	0	0	0
OAPGCV043970	100	0	0	0	0	0	0	0	0	0	0	0	0	0	0
OAPGCV032724	0	0	0	0	0	0	0	0	0	0	0	0	50	0	0
OAPGCV067734	0	0	0	0	0	0	0	0	0	0	0	50	0	0	0
OAPGCV045609	0	0	0	0	0	0	0	0	0	0	0	76.19047619	0	0	4.761904762
OAPGCV025839	0	0	0	0	0	0	0	0	0	0	0	100	0	0	0
OAPGCV067869	0	0	0	0	0	0	0	0	0	0	0	100	0	0	0
OAPGCV046636	0	0	0	0	0	0	0	0	0	0	0	100	0	0	0
OAPGCV043155	0	0	0	0	0	0	0	0	0	0	0	98.03921569	0	0	0
OAPGCV046631	0	0	0	0	0	0	0	0	0	0	0	100	0	0	0
OAPGCV045470	0	0	0	0	0	0	0	0	0	0	0	100	0	0	0
OAPGCV058887	0	0	0	0	0	0	0	0	0	0	0	81.81818182	0	0	0
OAPGCV062384	0	0	0	0	0	0	0	0	0	0	0	30.76923077	0	0	0
OAPGCV045582	0	0	0	0	0	0	0	0	0	0	0	36.36363636	0	0	0
OAPGCV068162	0	0	0	0	0	0	0	0	0	0	0	100	0	0	0
OAPGCV058514	0	0	0	0	0	0	0	0	0	0	0	100	0	0	0
OAPGCV059050	0	0	0	0	0	0	0	0	0	0	0	50	0	0	0
OAPGCV068080	0	0	0	0	0	0	0	0	0	0	0	50	0	0	0
OAPGCV058268	0	0	0	0	0	0	0	0	0	0	0	71.42857143	0	0	0
OAPGCV046179	0	0	0	0	0	0	0	0	0	0	0	100	0	0	0
OAPGCV031972	0	0	0	0	0	0	0	0	0	0	0	28.57142857	0	0	0
OAPGCV066037	0	0	0	0	0	0	0	0	0	0	0	5.128205128	0	0	0
OAPGCV001599	0	0	0	0	0	0	0	0	0	0	0	36.04651163	0	0	0
OAPGCV013164	0	0	0	0	0	0	0	0	0	0	0	41.93548387	0	0	0
OAPGCV029854	4.104477612	0	0	0	0	0	0	0	0	0	0	49.25373134	0	0	1.865671642
OAPGCV025480	0	0	0	0	0	0	0	0	0	0	0	7.661290323	0	0	0
OAPGCV039721	0	0	0	0	0	0	0	0	0	0	0	33.33333333	0	0	0
OAPGCV066712	0	0	0	0	0	0	0	0	0	0	0	100	0	0	0
OAPGCV027782	0	0	0	0	0	0	100	0	0	0	0	0	0	0	0
OAPGCV000738	0	0	0	0	0	0	39.53488372	0	0	0	0	0	0	0	0
OAPGCV065162	0	0	0	0	0	0	0	0	0	0	0	62.96296296	0	0	0
OAPGCV061241	0	0	0	0	0	0	0	0	0	0	0	4.166666667	0	0	0
OAPGCV037302	0	0	0	0	0	0	0	0	0	0	0	100	0	0	0
OAPGCV053623	0	84.12911903	0	0	0	0	0	0	0	0.134498991	0	0	0	0	0.672494956
OAPGCV011833	0	0	0	0	4.635761589	0	0	5.960264901	0	0	0	42.38410596	0	0	0
OAPGCV047702	0	0	0	0	0	0	100	0	0	0	0	0	0	0	0
OAPGCV039872	0	0	0	0	0	0	60.52631579	0	0	0	0	0	0	0	15.78947368
OAPGCV067945	0	0	0	0	0	0	0	0	0	0	0	25.92592593	0	0	0
OAPGCV015646	0	0	0	0	0	0	33.33333333	0	0	0	0	0	0	0	0
OAPGCV048653	0	0	0	0	1.333333333	0	46.66666667	0	0	0	0	0	0	0	0.666666667
OAPGCV019934	82.10347752	0	0	0	0	0	0	0	0	0	0	0	0	0	2.290076336
OAPGCV064301	0	0.113250283	0	0	0	0	0	0	0	0	0	85.16421291	0	0	0
OAPGCV058482	0	49.21465969	0	0	0	0	0	0	0	0	0	0	0	0	0
OAPGCV013769	0	81.33971292	0	0	0	0	0	0	0	0	0	0	0	0	0
OAPGCV006899	0	0	0	0	0	0	0	0	0	0	0	58.06451613	0	0	0
OAPGCV029381	0	0	0	0	0	0	39.0070922	0	0	0	0	0	0	0	0.709219858
OAPGCV009387	0	0	0	0	0	0	0	0	0	0	0	100	0	0	0
OAPGCV005845	0	0	0	0	0	0	48.03921569	0	0	0	0	0	0	0	0
OAPGCV027253	0	0	0	0	0	0	97.22222222	0	0	0	0	0	0	0	0
OAPGCV000365	45.05494505	0	0	0	0	0	0	0	0	0	0	0	0	0	0
OAPGCV065136	0	0	0	0	0	0	0	0	0	0	0	100	0	0	0
OAPGCV066503	0	0	0	0	0	0	0	0	0	0	0	96.86648501	0	0	0
OAPGCV062692	0	0	0	0	0	0	0	0	0	0	0	100	0	0	0
OAPGCV065568	0	0	0	0	0	0	0	0	0	0	0	84.63476071	0	0	0
OAPGCV063172	0	0	7.692307692	0	0	0	1.538461538	0	0	0	0	0	0	0	0
OAPGCV038639	0	0	0	0	0	0	94.02985075	0	0	0	0	0	0	0	0
OAPGCV001795	0	0	0	0	0	0	0	0	0	23.21428571	0	0	0	0	0
OAPGCV012344	0	0	3.424657534	0	46.57534247	0	0	0	0	0	0	0	0	0	0
OAPGCV035575	0	0	0	0	100	0	0	0	0	0	0	0	0	0	0
OAPGCV007367	0	0	100	0	0	0	0	0	0	0	0	0	0	0	0
OAPGCV067393	0	0	0	0	91.17647059	0	0	0	0	0	0	0	0	0	0
OAPGCV000999	0	0	0	0	0	0	0	0	0	27.63157895	0	0	0	0	0
OAPGCV032151	0	0	0	0	0	0	0	0	0	70.12987013	0	2.597402597	0	0	1.298701299
OAPGCV054623	0	2.816901408	33.8028169	0	0	0	0	0	0	0	0	0	0	0	0
OAPGCV040091	0	0	32.92682927	0	0	0	0	0	0	0	0	0	0	0	0
OAPGCV037924	0	0	0	0	0	0	0	0	0	0	0	16.83168317	0	0	1.98019802
OAPGCV036446	0	0	0	0	0	0	0	0	0	0	0	22.80701754	0	0	0
OAPGCV038789	0	0	0	0	0	0	0	0	0	0	0	100	0	0	0
OAPGCV038498	0	0	0	0	0	0	0	0	0	0	0	89.47368421	0	0	0
OAPGCV039892	0	0	0	0	0	0	0	100	0	0	0	0	0	0	0
OAPGCV039119	0	0	0	0	0	0	0	100	0	0	0	0	0	0	0
OAPGCV039377	45.94594595	0	0	0	0	0	0	0	0	0	0	0	0	0	1.351351351
OAPGCV039680	91.62561576	0	0	0	0	0	0	0	0	0	0	0	0	0	2.463054187
OAPGCV038228	75.6097561	0	0	0	0	0	0	0	0	0	0	0	0	0	24.3902439
OAPGCV039562	7.692307692	0	23.07692308	0	0	0	0	0	0	0	0	0	0	0	0
OAPGCV040499	74.54545455	0	0	0	0	0	0	0	0	0	0	0	0	0	16.36363636
OAPGCV038899	39.13043478	0	0	0	0	0	0	0	0	0	0	0	0	0	56.52173913
OAPGCV023828	40.48442907	0	0	0	0	0	0	0	0	0	0	0	0	0	56.05536332
OAPGCV014563	0	95.625	0	0	0	0	0	0	0	0	0	0	0	0	0
OAPGCV046518	0	98.06451613	0	0	0	0	0	0	0	0	0	0	0	0	0
OAPGCV060873	0	6.25	25	0	0	0	0	0	0	6.25	0	0	0	0	0
OAPGCV040241	0	63.63636364	0	0	0	0	0	0	0	0	0	0	0	0	0
OAPGCV059879	56.88976378	5.708661417	5.118110236	0	0	0	0	0	0	0	0	0	0	0	3.937007874
OAPGCV061867	0	35.44303797	0	0	0	0	0	0	0	0	0	0	0	0	0
OAPGCV007826	0	50	0	0	0	0	0	0	0	0	0	0	0	0	0
OAPGCV039309	0	78.78787879	0	0	0	0	0	0	0	0	0	0	0	0	12.12121212
OAPGCV039148	0	1.204819277	0	0	0	45.78313253	0	0	0	0	0	0	0	0	0
OAPGCV040471	0	73.68421053	0	0	0	0	0	0	0	0	0	0	0	0	0
OAPGCV040113	0	0	72	0	0	0	0	0	0	0	0	0	0	0	0
OAPGCV038528	0	100	0	0	0	0	0	0	0	0	0	0	0	0	0
OAPGCV022820	0	0	0	0	0	1.886792453	0	0	0	0	0	0	0	0	0
OAPGCV040340	0	91.39784946	0	0	0	0	0	0	0	0	0	0	0	0	0
OAPGCV065373	0	29.87012987	0	0	0	0	0	0	0	0	0	0	0	0	0
OAPGCV034192	0	0	0	0	0	0	24	0	0	0	0	0	0	0	0
OAPGCV007286	100	0	0	0	0	0	0	0	0	0	0	0	0	0	0
OAPGCV060580	0	0	0	0	33.33333333	0	0	0	0	0	0	0	0	0	0
OAPGCV007210	2.611940299	0	0	0	0	0	0	0	0	0	9.701492537	0	0	0	0
OAPGCV005660	97.34219269	0	0	0	0	0	0	0	0	0	0	0	0	0	0
OAPGCV036487	8.910891089	0	0	0	0	0	0	0	0	0	1.98019802	0	0	0	0
OAPGCV054438	0	0	0	0	0	0	0	0	0	0	0	9.523809524	0	0	0
OAPGCV021447	0	0	0	0	0	0	0	75	0	0	0	0	0	0	0
OAPGCV027104	0	0	0	0	0	0	0	0	0	0	0	50	0	0	0
OAPGCV013962	0	0	0	0	0	0	0	0	0	0	2.816901408	0	0	0	0
OAPGCV058324	0	51.11111111	0	0	0	0	0	0	0	0	0	0	0	0	0
OAPGCV064899	0	64	0	0	0	0	0	0	0	0	0	0	0	0	1.6
OAPGCV065036	0	40.74074074	0	0	0	0	0	0	0	0	0	0	0	0	0
OAPGCV068408	0	87.12871287	0	0	0	0	0.495049505	0	0	0	0	0	0	0	0
OAPGCV060113	0	63.59649123	0	0	0	1.754385965	0	0	0	0	0	0	0	0	21.05263158
OAPGCV051814	0	94.65648855	0	0	0	0	0	0	0	0	0	0	0	0	0
OAPGCV065893	0	50	0	0	0	0	0	0	0	0	0	0	0	0	0
OAPGCV059814	0	31.38686131	0	0	0	0	0	0	0	0	0	0	0	0	0
OAPGCV068448	0	100	0	0	0	0	0	0	0	0	0	0	0	0	0
OAPGCV057173	0	0	0	0	0	0	0	0	0	0	0	100	0	0	0
OAPGCV029940	0	0	0	0	0	0	0	0	0	0	0	33.33333333	0	0	0
OAPGCV013570	0	0	0	0	0	0	0	0	0	0	0	100	0	0	0
OAPGCV031774	0	0	0	0	0	0	0	0	0	0	0	42.85714286	0	0	0
OAPGCV031124	0	0	0	0	0	0	0	0	0	0	0	100	0	0	0
OAPGCV045698	0	0	0	0	0	0	0	0	0	0	0	100	0	0	0
OAPGCV058349	0	0	0	0	0	0	0	0	0	0	0	75	0	0	8.333333333
OAPGCV065699	0	0	0	0	0	0	20	0	0	0	0	0	0	0	0
OAPGCV020264	0	0	0	0	0	0	100	0	0	0	0	0	0	0	0
OAPGCV004431	0	0	0	0	0	0	0	0	0	0	0	100	0	0	0
OAPGCV056212	0	0	0	0	0	0	0	0	0	0	17.54385965	0	0	0	0
OAPGCV056707	0	0	0	0	0	0	0	0	0	0	53.33333333	0	0	0	0
OAPGCV005994	0	0	0	0	0	0	0	0	0	0	50	0	0	0	0
OAPGCV054601	0	0	0	0	0	0	0	0	0	0	48.27586207	0	0	0	0
OAPGCV002738	0	0	0	0	0	0	0	0	0	0	45.23809524	0	0	0	0
OAPGCV033445	0	0	0	0	0	0	55.55555556	0	0	0	0	0	0	0	0
OAPGCV038149	0	0	0	0	0	0	90	0	0	0	0	0	0	0	0
OAPGCV040318	0	15.92920354	0	0	0	0	0	0	0	0	0	0	0	0	0
OAPGCV062023	0	17.55319149	0	0	0	1.595744681	0	0	0	0	0	0	0	0	12.23404255
OAPGCV050101	0	12.12121212	0	0	0	15.15151515	0	0	0	0	0	0	0	0	0
OAPGCV040798	0	0	0	0	0	0	0	0	0	0	65.38461538	0	0	0	0
OAPGCV060726	0	0	50	0	0	0	0	0	0	0	0	0	0	0	0
OAPGCV062951	66.66666667	0	0	0	0	0	0	0	0	0	0	0	0	0	0
OAPGCV064448	0	0	0	0	0	40	0	0	0	0	0	0	0	0	0
OAPGCV061864	0	0	0	0	0	0	0	0	0	100	0	0	0	0	0
OAPGCV031823	0	0	0	0	0	0	0	0	0	0	0	36.84210526	0	0	0
OAPGCV032358	0	0	0	0	0	0	0	0	0	0	0	55.55555556	0	0	0
OAPGCV063778	0	0	0	0	0	0	100	0	0	0	0	0	0	0	0
OAPGCV059322	0	0	84.21052632	0	0	0	0	0	0	0	0	0	0	0	0
OAPGCV010035	0	0	0	0	0	0	0	0	0	0	0	100	0	0	0
OAPGCV056221	0	0	0	0	0	0	0	0	0	0	7.692307692	0	0	0	0
OAPGCV036569	0	0	0	0	0	0	100	0	0	0	0	0	0	0	0
OAPGCV058857	0	0	0	0	0	0	0	0	0	0	0	44.44444444	0	0	0
OAPGCV056328	0	0	0	0	0	0	0	0	0	0	0	66.66666667	0	0	0
OAPGCV063141	0	0	0	0	0	0	0	0	0	3.333333333	0	0	0	0	0
OAPGCV028037	0	0	0	0	0	0	62.5	0	0	0	0	0	0	0	13.33333333
OAPGCV019910	0	8.333333333	0	0	0	0	50	0	0	0	0	0	0	0	0
OAPGCV053734	0	27.02702703	0	0	0	0	0	0	0	0	0	0	0	0	0
OAPGCV038665	0	0	0	0	0	12.5	0	0	0	0	0	0	0	0	0
OAPGCV022498	0	0	0	0	0	0	100	0	0	0	0	0	0	0	0
OAPGCV039578	0	0	0	0	0	60.97560976	0	0	0	0	0	0	0	0	0
OAPGCV039577	0	0	0	0	0	0	0	0	0	0	0	100	0	0	0
OAPGCV040615	0	25	0	0	0	0	0	0	0	0	0	0	0	0	0
OAPGCV058239	20	0	0	0	0	0	0	0	0	0	0	0	0	0	0
OAPGCV000931	0	0	0	0	0	0	0	0	0	0	0	0	33.33333333	0	0
OAPGCV043769	0	0	0	0	0	0	0	0	0	0	0	0	20	0	0
OAPGCV037469	0	0	0	0	0	0	0	0	0	0	0	100	0	0	0
OAPGCV046222	0	0	0	0	0	0	0	0	50	0	0	0	0	0	50
OAPGCV059844	0	0	0	0	0	0	0	0	0	100	0	0	0	0	0
OAPGCV006927	0	0	100	0	0	0	0	0	0	0	0	0	0	0	0
OAPGCV033814	0	0	0	0	70	0	0	0	0	0	0	0	0	0	0
OAPGCV063983	0	0	70	0	0	0	0	0	0	0	0	0	0	0	10
OAPGCV062459	0	0	0	0	0	0	0	75	0	0	0	0	0	0	0
OAPGCV042627	0	0	0	0	0	0	0	0	0	66.66666667	0	0	0	0	0
OAPGCV042375	0	100	0	0	0	0	0	0	0	0	0	0	0	0	0
OAPGCV063996	0	66.66666667	0	0	0	0	0	0	0	0	0	0	0	0	0
OAPGCV067205	0	20	60	0	0	0	0	0	0	0	0	0	0	0	0
OAPGCV044893	0	0	0	0	0	0	83.33333333	0	0	0	0	0	0	0	0
OAPGCV000792	0	0	0	0	0	0	0	0	0	57.14285714	0	0	0	0	0
OAPGCV044924	100	0	0	0	0	0	0	0	0	0	0	0	0	0	0
OAPGCV046427	100	0	0	0	0	0	0	0	0	0	0	0	0	0	0
OAPGCV064711	66.66666667	0	0	0	0	0	0	0	0	0	0	0	0	0	0
OAPGCV056178	100	0	0	0	0	0	0	0	0	0	0	0	0	0	0
OAPGCV064258	0	0	0	0	0	0	69.23076923	0	0	0	0	0	0	0	15.38461538
OAPGCV007281	0	90	0	0	0	0	0	0	0	0	0	0	0	0	0
OAPGCV057692	0	100	0	0	0	0	0	0	0	0	0	0	0	0	0
OAPGCV045066	0	0	0	0	33.33333333	0	0	0	0	0	0	0	0	0	0
OAPGCV045008	0	0	0	0	0	0	0	0	0	0	0	100	0	0	0
OAPGCV048963	0	0	0	0	0	0	0	0	0	0	0	33.33333333	0	0	0
OAPGCV029937	0	0	0	0	0	0	0	0	0	0	0	28.57142857	0	0	0
OAPGCV066366	0	0	0	0	0	0	0	0	0	0	0	0	0	100	0
OAPGCV035332	0	0	0	0	0	0	0	0	0	0	0	100	0	0	0
OAPGCV054918	0	0	0	0	21.05263158	0	0	0	0	0	0	78.94736842	0	0	0
OAPGCV044046	0	0	0	0	0	0	0	0	0	0	0	0	82.35294118	0	0
OAPGCV060338	0	0	0	0	0	1.724137931	0	0	1.724137931	0	0	48.27586207	25.86206897	0	1.724137931
OAPGCV045891	0	0	0	0	0	0	0	80	0	0	0	0	0	0	20
