DATASET_MULTIBAR

SEPARATOR	TAB
DATASET_LABEL	host-family
COLOR	#ff0000


FIELD_COLORS	#8dd3c7	#a6cee3	#3f9fdf	#225ea8	#cb181d	#fdbf6f	#fcbba1	#e23739	#ff7f00	#d8edf9	#1f78b4	#33a02c	#edf8b1	#c7e9b4	#cab2d6	#e0d4e6	#eae4ed	#6a3d9a	#9e9ac8	#fb6a4a	#a3fff0	#deebf7	#63dd67	#ea6f71	#575d63	#d9d9d9
FIELD_LABELS	Actinomycetaceae	Aerococcaceae	Anaerovoracaceae	Atopobiaceae	Bacteroidaceae	Campylobacteraceae	Erysipelotrichaceae	Flavobacteriaceae	Fusobacteriaceae	Gemellaceae	Lachnospiraceae	Megasphaeraceae	Micrococcaceae	Mycobacteriaceae	Nanogingivalaceae	Nanosynbacteraceae	Nanosyncoccaceae	Neisseriaceae	Pasteurellaceae	Porphyromonadaceae	Propionibacteriaceae	Streptococcaceae	Veillonellaceae	Weeksellaceae	multiple	other



DASHED_LINES	1
WIDTH	75
MARGIN	25
HEIGHT_FACTOR	2


DATA
OAPGCV000989	0	0	0	0	100	0	0	0	0	0	0	0	0	0	0	0	0	0	0	0	0	0	0	0	0	0
OAPGCV064568	0	0	0	0	86.37770898	0	0	0	0	0	0	0	0	0	0	0	0	0	0	0	0	0	0	0	8.359133127	0.309597523
OAPGCV045081	0	0	0	0	0	0	0	81.01265823	0	0	0	0	0	0	0	0	0	0	0	0	0	0	0	13.5021097	0.421940928	0
OAPGCV027347	0	0	0	0	0	0	0	0	0	0	0	0	0	0	0	0	0	0	0	0	0	0	0	96.2962963	1.851851852	0
OAPGCV064282	0	0	0	0	33.33333333	0	0	0	0	0	0	0	0	0	0	0	0	0	0	0	0	0	0	0	0	0
OAPGCV039639	0	0	0	0	70.54794521	0	0	0	0	0	0	0	0	0	0	0	0	0	0	0	0	0	0	0	3.424657534	6.849315068
OAPGCV062585	0	0	0	0	33.5483871	0	0	0	0	0	0	0	0	0	0	0	0	0	0	0	0	0	0	0	0	0
OAPGCV042661	0	0	0	0	45.21276596	0	0	0	0	0	0	0	0	0	0	0	0	0	0	24.46808511	0	0	0	0	0.531914894	0.531914894
OAPGCV061745	0	0	0	0	0	0	0	0	0	0	0	0	0	0	0	0	0	0	0	92.82868526	0	0	0	0	0	0
OAPGCV007447	0	0	0	0	22.72727273	0	0	0	0	0	0	0	0	0	0	0	0	0	0	28.07486631	0	0.267379679	0	0	0.534759358	0
OAPGCV055169	0	0	0	0	9.090909091	0	0	0	0	0	0	0	0	0	0	0	0	0	0	64.17112299	0	0	0	0	8.556149733	11.76470588
OAPGCV061185	80	0	0	0	0	0	0	0	0	0	0	0	0	0	0	0	0	0	0	0	0	0	0	0	0	0
OAPGCV044902	0	0	0	0	0	0	0	0	0	0	0	0	0	0	0	0	0	0	0	0	0	0	0	0	0	50
OAPGCV045797	0	0	0	0	0	0	0	0	0	0	0	0	0	0	0	0	0	0	0	0	0	0	1.369863014	0	1.369863014	28.76712329
OAPGCV067966	0	0	0	0	0	0	0	0	0	0	0	0	0	0	0	0	0	0	0	0	0	0	0	0	0	100
OAPGCV037198	0	0	0	0	0	0	0	0	0	0	0	0	0	0	0	0	0	0	0	0	0	0	0	0	0	100
OAPGCV044908	0	0	0	0	0	0	0	0	0	0	0	0	0	0	0	0	0	32.41252302	46.22467772	0	0	0	0	0	0.184162063	3.130755064
OAPGCV060156	0	0	0	0	0	0	0	0	0	0	0	0	0	0	0	0	0	52.97297297	34.95495495	0	0	0	0	0	3.963963964	1.981981982
OAPGCV017814	0	0	0	0	0	0	0	0	0	0	54.54545455	0	0	0	0	0	0	0	0	0	0	0	0	0	0	0
OAPGCV000364	0	0	0	0	0	0	0	0	0	0	0	0	0	0	0	0	0	0	0	0	0	0	0	0	0	100
OAPGCV041227	0	0	0	0	0	0	0	0	0	0	0	0	0	0	0	0	0	50	4	0	0	0	0	0	0	42
OAPGCV062394	0	0	0	0	0	0	0	0	0	0	0	0	0	0	0	0	0	0	0	0	0	0	0	0	0	50
OAPGCV059039	0	0	0	0	0	0	0	0	0	0	0	0	0	0	0	0	0	0	0	0	0	0	0	0	0	100
OAPGCV037051	0	0	0	0	0	0	0	0	0	0	0	0	0	0	0	0	0	0	0	0	0	0	0	0	0	100
OAPGCV055728	0	0	0	0	62.3853211	0	0	0	0	0	0	0	0	0	0	0	0	0	0	15.13761468	0	0	0	0	1.834862385	6.422018349
OAPGCV036909	44.11764706	0	0	0	0	0	0	0	0	0	0	0	0	0	0	0	0	0	0	0	2.941176471	0	0	0	52.94117647	0
OAPGCV030131	0	0	0	0	0	0	0	0	0	0	0	0	0	0	0	0	0	0	0	0	0	0	0	0	0	42.85714286
OAPGCV049270	0	0	0	0	0	0	0	0	0	0	0	0	0	0	0	0	0	0	0	0	0	0	0	0	0	50
OAPGCV050782	0	0	0	0	0	0	0	0	0	0	0	0	0	0	0	0	0	0	0	0	0	0	0	0	0	100
OAPGCV057333	0	0	0	0	0	0	0	0	0	0	0	0	0	0	0	0	0	0	0	0	0	0	0	0	0	25
OAPGCV031125	0	0	0	0	0	0	0	0	0	0	0	0	0	0	0	0	0	0	0	0	0	0	0	0	0	100
OAPGCV040350	0	0	0	0	0	0	0	0	0	0	0	0	0	0	0	0	0	0	0	0	0	0	0	0	0	100
OAPGCV058096	0	0	0	0	0	0	0	0	0	0	0	0	0	0	0	0	0	0	0	0	0	0	0	0	0	76.47058824
OAPGCV045935	0	0	0	0	0	0	0	0	0	0	0	0	0	0	0	0	0	0	0	0	0	0	0	0	0	100
OAPGCV029525	0	0	0	0	0	0	0	0	0	0	0	0	0	0	0	0	0	0	0	0	0	0	0	0	0	100
OAPGCV031825	0	0	0	0	0	0	0	0	0	0	0	0	0	0	0	0	0	0	0	0	0	0	0	0	0	60
OAPGCV031679	0	0	0	0	0	0	0	0	0	0	0	0	0	0	0	0	0	0	85.71428571	0	0	0	0	0	0	0
OAPGCV032829	0	0	0	0	0	0	0	0	0	0	0	0	0	0	0	0	0	0	80	0	0	0	0	0	0	0
OAPGCV019185	0	0	0	0	0	0	0	0	0	0	0	0	0	0	0	0	0	69.41747573	0	0	0	0	0	0	2.427184466	24.27184466
OAPGCV002351	0	0	0	0	0	2.852049911	0	0	0	0	0	0	0	0	0	0	0	0	94.11764706	0	0	0.534759358	0	0	0.356506239	0
OAPGCV045714	0	0	0	0	0	0	0	0	0	0	0	0	0	0	0	0	0	0	0	0	0	0	0	0	0	40
OAPGCV030396	0	0	0	0	0	0	0	0	0	0	0	0	0	0	0	0	0	40	0	0	0	0	0	0	6.666666667	0
OAPGCV053455	0	0	0	0	0	0	0	0	0	0	0	0	0	0	0	0	0	96.36363636	0	0	0	0	0	0	0	0
OAPGCV037298	0	0	0	0	0	0	0	0	0	0	0	0	0	0	0	0	0	83.33333333	0	0	0	0	0	0	0	0
OAPGCV017785	0	0	0	0	0	0	0	0	0	0	0	0	0	0	0	0	0	75	0	0	0	0	0	0	0	0
OAPGCV045529	0	0	0	0	0	0	0	0	0	0	0	0	0	0.338983051	0	0	0	95.76271186	0	0	0	0	0	0	3.389830508	0
OAPGCV045065	0	0	0	0	0	0	0	0	0	0	0	0	0	0	0	0	0	0	0	0	0	4.347826087	0	0	4.347826087	30.43478261
OAPGCV044960	0	0	0	0	0	0	0	0	0	0	0	0	0	0	0	0	0	0	0	0	0	0	0	0	0	10.52631579
OAPGCV058943	0	0	0	0	0	0	0	0	0	0	0	0	0	0	0	0	0	0	0	0	0	0	0	0	0	42.85714286
OAPGCV048734	0	0	0	0	0	0	0	0	0	0	0	0	0	0	0	0	0	0	0	0	0	0	0	0	0	66.66666667
OAPGCV031105	0	0	0	0	0	0	0	0	0	0	0	0	0	0	0	0	0	0	0	0	0	0	0	0	0	35.29411765
OAPGCV029980	0	0	0	0	0	0	0	0	0	0	0	0	0	0	0	0	0	0	0	0	0	0	0	0	0	12.5
OAPGCV029888	0	0	0	0	0	0	0	0	0	0	0	0	0	0	0	0	0	0	0	0	0	0	0	0	0	44.44444444
OAPGCV045675	0	0	0	0	0	0	0	0	0	0	0	0	0	0	0	0	0	0	0	0	0	0	0	0	0	100
OAPGCV049211	0	0	0	0	0	0	0	0	0	0	0	0	0	0	0	0	0	0	0	0	0	0	0	0	0	85.71428571
OAPGCV015180	0	0	0	0	0	0	0	0	0	0	0	0	0	0	0	0	0	0	0	0	0	0	0	0	0	100
OAPGCV062379	0	0	0	0	0	0	0	0	0	0	0	0	0	0	0	0	0	0	0	0	0	0	0	0	0	100
OAPGCV031927	0	0	0	0	0	0	0	0	0	0	0	0	0	0	0	0	0	0	0	0	0	0	0	0	0	50
OAPGCV037991	0	0	0	0	0	0	0	0	0	0	0	0	0	0	0	0	0	0	0	0	0	0	0	0	17.64705882	47.05882353
OAPGCV058301	0	0	0	0	0	0	0	0	0	0	0	0	0	0	0	0	0	0	0	0	0	0	0	0	6.25	62.5
OAPGCV044963	0	0	0	0	0	0	0	0	0	0	0	0	0	0	0	0	0	0	0	0	0	0	0	0	0	100
OAPGCV045938	0	0	0	0	0	0	0	0	0	0	0	0	0	0	0	0	0	0	0	0	0	0	0	0	0	100
OAPGCV039311	0	0	0	0	0	0	0	0	0	0	0	0	0	0	0	0	0	0	0	0	0	0	0	0	0	33.33333333
OAPGCV045325	0	0	0	0	0	0	0	0	0	0	0	0	0	0	0	0	0	0	0	0	0	0	0	0	0	50
OAPGCV067967	0	0	0	0	0	0	0	0	0	0	0	0	0	0	0	0	0	0	0	0	0	0	0	0	0	100
OAPGCV045329	0	0	0	0	0	0	0	0	0	0	0	0	0	0	0	0	0	0	0	0	0	0	0	0	0	33.33333333
OAPGCV030185	0	0	0	0	0	0	0	0	0	0	0	0	0	0	0	0	0	0	0	0	0	0	0	0	0	20
OAPGCV033729	0	0	0	0	0	0	0	0	0	0	0	0	0	0	0	0	0	78.19548872	0	0	0	0	0	0	0	0
OAPGCV068396	0	0	0	0	0	0	0	0	0	0	0	0	0	46.15384615	0	0	0	0	0	0	0	0	0	0	0	0
OAPGCV004489	0	0	0	0	0	0	0	0	0	0	0	0	0	0	0	0	0	0	0	0	0	0	0	0	0	8.904109589
OAPGCV047667	0	0	0	0	0	0	0	0	0	0	0	0	0	0	0	0	0	0	78.94736842	0	0	0	0	0	0	0
OAPGCV024022	0	0	0	0	0	0	0	0	0	0	0	0	0	0	0	0	0	6.338028169	0	0	0	0	0	0	0	11.97183099
OAPGCV029375	0	0	0	0	0	50	0	0	0	0	0	0	0	0	0	0	0	0	0	0	0	0	0	0	0	0
OAPGCV012702	34.71867008	0	0	0	0	0	0	0	0	0	0	0	0	0	0	0	0	0	0	0	2.301790281	0	0	0	0	1.982097187
OAPGCV031652	0	0	0	0	0	0	0	0	0	0	0	0	0	0	0	0	0	0	0	0	0	0	0	6.12244898	0	0
OAPGCV022650	0	0	0	0	60.8	0	0	0	0	0	0	0	0	0	0	0	0	0	0	0	0	0	0	0	0	0
OAPGCV047693	0	0	0	0	4.761904762	0	0	0	0	0	0	0	0	0	0	0	0	0	0	0	0	0	0	0	0	0
OAPGCV068276	0	0	0	0	0	0	65.71428571	0	0	0	0	0	0	0	0	0	0	0	0	0	0	0	0	0	0	2.857142857
OAPGCV018877	0	0	0	0	0	0	0	0	0	0	18.18181818	0	0	0	0	0	0	0	0	0	0	0	0	0	0	0
OAPGCV005142	0	0	0	0	0	0	0	0	0	0	0	0	0	0	0	0	0	0	0	0	0	0	0	9.259259259	0	0
OAPGCV004837	0	0	0	0	0	0	0	0	0	0	0	0	0	0	0	0	0	0	0	0	0	0	0	100	0	0
OAPGCV048500	0	0	0	0	0	0	0	0	0	0	0	0	0	0	0	0	0	0	0	0	0	0	0	51.72413793	0	0
OAPGCV003420	0	100	0	0	0	0	0	0	0	0	0	0	0	0	0	0	0	0	0	0	0	0	0	0	0	0
OAPGCV058566	0	84.50704225	0	0	0	0	0	0	0	0	0	0	0	0	0	0	0	0	0	0	0	0	0	0	0	0
OAPGCV032461	0	0	0	0	0	0	0	0	0	0	0	0	0	0	0	0	0	0	0	0	0	0	0	0	0	100
OAPGCV030549	0	0	0	0	0	0	0	0	0	0	0	0	0	0	0	0	0	0	0	0	0	0	0	0	0	100
OAPGCV027839	0	0	0	0	0	0	0	0	0	0	0	1.369863014	0	0	0	0	0	0	0	0	0	0	82.19178082	0	0	0
OAPGCV011521	0	0	0	0	0.33557047	0	0	0	0	0	0.33557047	0	0	0	0	0	0	0	0	0	0	0	80.87248322	0	3.020134228	1.006711409
OAPGCV023746	0	0	0	67.30769231	0	0	0	0	0	0	0	0	0	0	0	0	0	0	0	0	0	2.884615385	0	0	15.38461538	0
OAPGCV018377	0	0	52.94117647	0	0	0	0	0	0	0	0	0	0	0	0	0	0	0	0	0	0	5.882352941	0	0	0	0
OAPGCV061275	0	0	0	0	0	0	0	0	0	0	0	0	0	0	0	0	0	0	0	0	0	0	0	0	0	33.33333333
OAPGCV058065	2.5	0	0	0	0	0	0	0	0	0	0	0	0	70	0	0	0	0	0	0	0	0	0	0	0	0
OAPGCV062503	0	0	0	100	0	0	0	0	0	0	0	0	0	0	0	0	0	0	0	0	0	0	0	0	0	0
OAPGCV013575	0	0	0	100	0	0	0	0	0	0	0	0	0	0	0	0	0	0	0	0	0	0	0	0	0	0
OAPGCV006811	0	0	0	98.58267717	0	0	0	0	0	0	0	0	0	0	0	0	0	0	0	0	0	0	0	0	0.157480315	0
OAPGCV064156	0	0	0	75	0	0	0	0	0	0	0	0	0	0	0	0	0	0	0	0	0	0	0	0	25	0
OAPGCV013752	0	0	0	0	0	0	0	0	0	0	0	0	0	83.96226415	0	0	0	0	0	0	0	0	0	0	0	0
OAPGCV016201	0	0	0	0	0	0	0	0	0	0	0	0	0	97.30769231	0	0	0	0	0	0	0	0	0	0	0	0
OAPGCV058467	0	0	0	0	0	0	0	0	0	0	0	0	0	85.71428571	0	0	0	0	0	0	0	0	0	0	0	0
OAPGCV059510	0	0	0	0	0	0	0	0	0	0	0	0	0	100	0	0	0	0	0	0	0	0	0	0	0	0
OAPGCV057522	0	0	0	0	0	0	0	0	0	0	0	0	0	77.11864407	0	0	0	0	0	0	0	0	0	0	0	0
OAPGCV026892	0	0	0	0	0	0	0	0	0	0	0	0	100	0	0	0	0	0	0	0	0	0	0	0	0	0
OAPGCV003504	6.40569395	0	0	0	0	0	0	0	0	0	0	0	0	0	0	0	0	0	0	0	0	0	0	0	0	0
OAPGCV025479	43.12573443	0	0	0.352526439	0	0	0	0	0	0	0	0	0	0	0	0	0	0	0	0	0	0	0	0	33.49001175	0
OAPGCV064992	11.71171171	0	0	0	0	0	0	0	0	0	0	0	0	0	0	0	0	0	0	0	0	0	0	0	0	0
OAPGCV024176	0	0	0	0	0	0	0	0	0	0	0	0	81.15384615	3.461538462	0	0	0	0	0	0	0	0	0	0	0	0
OAPGCV016206	99.13043478	0	0	0	0	0	0	0	0	0	0	0	0	0	0	0	0	0	0	0	0	0	0	0	0	0
OAPGCV011376	0	0	0	0	0	0	0	0	0	0	0	0	0	0	0	0	0	0	0	0	78.49829352	0	0	0	14.67576792	0
OAPGCV017566	0	0	0	0	0	0	0	0	0	0	0	0	94.5368171	0	0	0	0	0	0	0	0	0	0	0	0	0
OAPGCV045460	0	0	0	0	0	0	0	0	0	0	0	0	53.71428571	0	0	0	0	0	0	0	0	0	0	0	0	0
OAPGCV007582	75.29976019	0	0	0	0	0	0	0	0	0	0	0	0.479616307	0	0	0	0	0	0	0	0	0	0	0	0.71942446	0
OAPGCV050213	69.41176471	0	0	4.117647059	0	0	0	0	0	0	0	0	0	0	0	0	0	0	0	0	0	0	0	0	2.352941176	0
OAPGCV000006	0	0	0	0	0	0	0	0	0	0	0	0	0	3.921568627	0	0	0	0	0	0	0	0	0	0	0	0
OAPGCV020718	30.11494253	0	0	0	0	0	0	0	0	0	0	0	0	0	0	0	0	0	0	0	0	0	0	0	0.229885057	0
OAPGCV058238	0	0	0	0	0	0	0	0	0	0	0	0	0	66.66666667	0	0	0	0	0	0	0	0	0	0	0	0
OAPGCV018929	88.88888889	0	0	0	0	0	0	0	0	0	0	0	0	0	0	0	0	0	0	0	0	0	0	0	0	0
OAPGCV065017	54.19354839	0	0	0	0	0	0	0	0	0	0	0	0	0	0	0	0	0	0	0	0	0	0	0	44.19354839	0
OAPGCV033854	42.67241379	0	0	0	0	0	0	0	0	0	0	0	0	0	0	0	0	0	0	0	0	0	0	0	0.143678161	0
OAPGCV033773	0	0	0	0	0	0	0	0	0	0	0	0	0	0	0	0	0	0	0	0	0	0	0	0	0	100
OAPGCV055135	15.94684385	0	0	0	0	0	0	0	0	0	0	0	0	0	0	0	0	0	0	0	0	0	0	0	83.72093023	0
OAPGCV049775	57.92227205	0	0	0	0	0	0	0	0	0	0	0	0	0	0	0	0	0	0	0	0	0	0	0	41.18086697	0
OAPGCV015560	100	0	0	0	0	0	0	0	0	0	0	0	0	0	0	0	0	0	0	0	0	0	0	0	0	0
OAPGCV044970	0	0	0	0	0	0	0	0	0	0	0	0	0	0	0	0	0	0	0	0	96.55172414	0	0	0	3.448275862	0
OAPGCV058709	0	0	0	0	0	0	0	0	0	0	0	0	0	0	0	0	0	0	0	0	75	0	0	0	18.75	0
OAPGCV050471	7.327586207	0	0	0	0	0	0	0	0	0	0	0	32.75862069	0	0	0	0	0	0	0	0	0	0	0	0	0
OAPGCV065648	0	0	0	0	0	0	0	0	0	0	0	0	0	0	0	0	0	0	0	0	0	0	0	0	0	42.85714286
OAPGCV006036	0	0	0	0	0	0	0	0	0	0	0	0	0	0	0	0	0	0	0	0	0	0	0	0	0	57.14285714
OAPGCV050530	0	0	0	0	0	0	0	0	0	0	0	0	0	0	0	0	0	0	0	0	100	0	0	0	0	0
OAPGCV007298	100	0	0	0	0	0	0	0	0	0	0	0	0	0	0	0	0	0	0	0	0	0	0	0	0	0
OAPGCV027397	0	0	0	0	0	0	0	0	0	0	0	0	0	0	0	0	0	0	0	0	0	5.405405405	0	0	0	0
OAPGCV007662	0	0	0	0	0	0	0	0	0	0	0	0	0	0	0	0	0	0	0	0	0	37.73265651	0	0	28.42639594	6.260575296
OAPGCV013350	0	0	0	0	0	0	0	0	0	0	0	0	0	0	0	0	0	0	0	0	11.11111111	0	0	0	0	0
OAPGCV014404	0	0	0	0	0	0	0	0	0	0	0	0	0	0	0	33.33333333	20	0	0	0	0	0	0	0	0	0
OAPGCV009626	0	0	0	0	0	0	0	0	0	0	0	0	0	0	2.105263158	0	57.89473684	0	0	0	0	0	0	0	0	0
OAPGCV002564	0	0	0	0	0	0	0	0	0	0	0	0	0	0	2.5	8.75	0	0	0	0	0	0	0	0	75.83333333	5
OAPGCV067987	0	0	0	0	0	0	0	0	0	0	0	0	0	0	53.9748954	1.673640167	0	0	0	0	0	0	0	0	15.89958159	2.092050209
OAPGCV025780	0	0	0	0	0	0	0	0	0	0	0	0	0	0	7.692307692	3.846153846	0	0	0	0	0	0	0	0	0	0
OAPGCV026001	0	0	0	0	0	0	0	0	0	0	0	0	0	0	30.38674033	17.67955801	0	0	0	0	0	0	0	0	24.86187845	1.104972376
OAPGCV012121	0	0	0	0	0	0	0	0	0	0	0	0	0	0	10.10830325	5.054151625	0	0	0	0	0	0	0	0	15.16245487	4.332129964
OAPGCV034262	0	0	0	0	0	0	0	0	0	0	0	0	0	0	0	0	7.368421053	0	0	0	0	0	0	0	92.63157895	0
OAPGCV042722	0	0	0	0	0	0	0	0	0	0	0	0	0	0	0	0	0	0	0	0	0	0	0	0	0	19.04761905
OAPGCV041683	0	0	0	0	0	0	0	0	0	0	0	0	0	0	16.70886076	1.772151899	26.83544304	0	0	0	0	0	0	0	0.506329114	0.253164557
OAPGCV046398	0	0	0	0	0	0	0	0	0	0	1.086956522	0	0	0	0	0	0	0	0	0	0	0	0	0	0	3.260869565
OAPGCV063933	0	0	0	4	0	0	0	0	0	0	0	0	0	0	12	0	0	0	0	0	0	0	0	0	16	12
OAPGCV037310	0	0	0	0	0	0	0	100	0	0	0	0	0	0	0	0	0	0	0	0	0	0	0	0	0	0
OAPGCV066438	0	0	0	0	0	0	0	0	0	0	0	0	0	0	0	35.29411765	0	0	0	0	0	0	0	0	0	1.680672269
OAPGCV064508	0	0	0	0	0	0	0	0	0	0	0	0	0	0	0	7.692307692	0	0	0	0	0	0	0	0	15.38461538	15.38461538
OAPGCV028677	0	0	0	0	0	0	0	0	0	0	0	0	0	0	0	0	0	0	0	0	0	0	0	0	13.04347826	86.95652174
OAPGCV026415	0	0	0	0	0	0	0	0	0	0	0	0	0	0	7	3.5	60	0	0	0	0	0	0	0	7	2
OAPGCV006677	32.21757322	0	1.422594142	0.209205021	0	0	0.460251046	0	0	0	0.753138075	0	0	0	0	0	0	0	0	0	0.041841004	53.22175732	0	0	1.338912134	0
OAPGCV027745	0	0	0	0	0	0	0	0	0	0	0	0	0	0	0	0	0	0	0	0	0	0	0	0	0	66.66666667
OAPGCV061920	0	0	5.263157895	7.894736842	0	0	0	0	0	0	52.63157895	0	0	0	0	0	0	0	0	0	0	0	0	0	0	0
OAPGCV006108	0	0	0	0	0	0	0	0	0	0	9.756097561	0	0	0	0	0	0	0	0	0	0	0	75.6097561	0	12.19512195	0
OAPGCV016405	0	0	0	0	0	0	0	0	0	0	0	0	0	0	0	0	0	0	0	0	0	0	0	0	0	78.94736842
OAPGCV016237	0	0	0	0	0	0	1.379310345	0	0	0	0	0	0	0	0	0	0	0	0	0	0	76.89655172	0	0	0	0
OAPGCV033986	0	0	0	0	38.46153846	0	0	0	0	0	0	0	0	0	0	0	0	0	0	0	0	0	0	0	0	0
OAPGCV038469	0	0	0	0	0	0	0	0	0	0	0	0	0	0	0	0	0	0	0	0	0	0	0	0	15.38461538	84.61538462
OAPGCV009615	0	0	0	0	0	0	0	0	68.18181818	0	0	0	0	0	0	0	0	0	0	0	0	0	0	0	2.272727273	0
OAPGCV004608	0	0	0	0	0	0	0	0	89.86175115	0	0	0	0	0	0	0	0	0	0	0	0	0	0	0	4.608294931	0.460829493
OAPGCV013987	0	0	0	0	0	0	0	0	0	0	0	0	0	0	0	0	0	0	0	0	0	0	0	0	2.564102564	93.58974359
OAPGCV046242	0	0	0	0	0	0	0	0	0	0	0	0	0	0	0	0	0	0	0	0	0	0	0	0	0	100
OAPGCV005863	0	0	0	0	0	0	0	0	11.76470588	0	0	0	0	0	0	0	0	0	0	0	0	0	0	0	0	0
OAPGCV047475	0	0	0	0	0	0	0	0	9.090909091	0	0	0	0	0	0	0	0	0	0	0	0	0	0	0	0	9.090909091
OAPGCV054776	0	0	0	0	0	0	0	0	0	0	66.66666667	0	0	0	0	0	0	0	0	0	0	0	0	0	0	0
OAPGCV009919	0	0	0	0	0	0	0	0	0	0	97.24770642	0	0	0	0	0	0	0	0	0	0	0	0	0	0	0
OAPGCV002486	0	0	0	0	0	0	0	0	0	0	0	0	0	0	0	0	0	0	0	0	0	0	0	0	0	100
OAPGCV017502	0	0	0	0	0	0	0	0	0	0	0	0	0	0	0	0	0	0	0	0	0	0	0	0	0	14.28571429
OAPGCV066630	0	16.4893617	0	0	0	0	0	0	2.925531915	0	7.446808511	2.061170213	0	0	0	0	0	0	0	0	0	9.507978723	24.06914894	0	2.792553191	8.843085106
OAPGCV016363	0	0	0	0	0	0	0	0	0	0	0	0	0	0	0	0	0	0	0	0	0	0	99.24050633	0	0	0
OAPGCV051575	0	0	0	0	0	0	0	0	0	0	0	2.078239609	0	0	0	0	0	0	0	0	0	0	57.09046455	0	0.488997555	6.112469438
OAPGCV046101	0	0	0	0	0	0	0	0	0	0	96.41255605	0	0	0	0	0	0	0	0	0	0	0	0	0	0	0.448430493
OAPGCV057562	0	0	0	0	0	0	0	0	0	0	0	0	0	0	0	0	0	0	0	0	0	0	0	0	0	33.33333333
OAPGCV025011	0	0	0	0	0	0	0	0	61.86046512	0	0	0	0	0	0	0	0	0	0	0	0	0	0	0	9.302325581	21.39534884
OAPGCV051918	0	0	0	0	0	0	0	0	0	0	0	0	0	0	0	0	0	0	0	0	0	0	0	0	0	89.61038961
OAPGCV008969	0	0	0	0	0	0	0	0	52.3364486	0	0	0	0	0	0	0	0	0	0	0	0	0	0	0	2.336448598	42.52336449
OAPGCV042958	0	0	0	0	0	0	0	0	0	0	0	0.523560209	0	0	0	0	0	0	0	0	0	0	53.92670157	0	0	1.047120419
OAPGCV047349	0	0	0	0	0	0	0	0	0	0	0	0	0	0	0	0	0	0	0	0	0	0	0	0	87.5	12.5
OAPGCV045271	0	0	0	0	0	0	0	0	0	0	0	0	0	0	0	0	0	0	0	0	0	0	0	0	5.555555556	83.33333333
OAPGCV044194	0	0	0	0	0	0	0	0	0	0	0	0	0	0	0	0	0	0	0	0	0	0	63.20754717	0	0	0
OAPGCV045866	0	0	0	0	0	0	0	0	0	0	0	0.260416667	0	0	0	0	0	0	0	0	0	0	78.125	0	11.06770833	0
OAPGCV001954	0	0	0	0	0	0	4.587155963	0	0	0	0	2.096985583	0	0	0	0	0	0	0	0	0	0	77.91612058	0	1.441677588	0.065530799
OAPGCV058982	0	0	0	0	0	0	0	0	0	0	0	0	0	0	0	0	0	0	0	0	0	0	0	0	0	61.53846154
OAPGCV031981	0	0	0	0	0	0	0	0	0	0	0	0	0	0	0	0	0	0	0	0	0	0	73.68421053	0	0	5.263157895
OAPGCV044141	0	0	0	0	0	0	0	0	0	0	0	78.84615385	0	0	0	0	0	0	0	0	0	0	0	0	0	0
OAPGCV032590	0	0	0	0	0	0	0	0	0	0	0	0	0	0	0	0	0	0	0	0	0	0	0	0	5.263157895	92.98245614
OAPGCV042091	0	0	0	0	0	0	0	0	0	0	0	41.66666667	0	0	0	0	0	0	0	0	0	0	16.14583333	0	0.520833333	9.895833333
OAPGCV045236	0	0	0	0	0	0	0	0	0	0	0	0	0	0	0	0	0	0	0	0	0	0	0	0	0	50
OAPGCV047345	0	0	0	0	0	0	0	0	0	0	96.15384615	0	0	0	0	0	0	0	0	0	0	0	0	0	1.923076923	0
OAPGCV051731	100	0	0	0	0	0	0	0	0	0	0	0	0	0	0	0	0	0	0	0	0	0	0	0	0	0
OAPGCV054045	0	0	0	0	0	0	0	0	0	10.19417476	3.398058252	0	0	0.485436893	0	0	0	0	0	0	0	24.75728155	0	0	0.970873786	14.0776699
OAPGCV059708	0	0	0	0	0	0	0	0	100	0	0	0	0	0	0	0	0	0	0	0	0	0	0	0	0	0
OAPGCV008313	0	0	0	0	0	0	0.118764846	0	11.63895487	0	0	0	0	0	0	0	0	0	0	0	0	0	49.40617577	0	4.275534442	27.67220903
OAPGCV000971	0	0	0	0	100	0	0	0	0	0	0	0	0	0	0	0	0	0	0	0	0	0	0	0	0	0
OAPGCV056811	0	0	0	0	100	0	0	0	0	0	0	0	0	0	0	0	0	0	0	0	0	0	0	0	0	0
OAPGCV031769	0	0	0	0	0	0	0	0	0	0	0	0	0	0	0	0	0	31.72690763	0	0	0	0	0	0	0	2.008032129
OAPGCV001328	0	0	0	0	0	0	0	0	0	0	0	0	0	0	0	0	0	0	7.586206897	0	0	0	0	0	0	0
OAPGCV034811	0	0	0	0	0	0	0	0	0	0	0	0	0	0	0	0	0	0	34.21052632	0	0	0	0	0	0	0
OAPGCV001746	0	0	0	0	90.90909091	0	0	0	0	0	0	0	0	0	0	0	0	0	0	0	0	0	0	0	0	0
OAPGCV028361	0	0	0	0	100	0	0	0	0	0	0	0	0	0	0	0	0	0	0	0	0	0	0	0	0	0
OAPGCV056986	0	0	0	0	0	84.70588235	0	0	0	0	0	0	0	0	0	0	0	0	0	0	0	0	0	0	0	0
OAPGCV058530	0	0	0	0	0	0	0	0	0	0	0	0	0	0	0	0	0	0	0	0	0	0	0	0	0	35.71428571
OAPGCV031031	0	0	0	0	0	0	0	0	0	0	0	0	0	0	0	0	0	0	0	0	0	0	0	0	0	100
OAPGCV049501	0	0	0	0	0	0	0	0	0	0	0	0	0	0	0	0	0	0	0	0	0	0	0	0	0	87.5
OAPGCV058792	0	0	0	0	0	0	0	0	0	0	0	0	0	0	0	0	0	0	0	0	0	0	0	0	0	55
OAPGCV037168	0	0	0	0	0	0	0	0	0	0	0	0	0	0	0	0	0	0	0	0	0	0	0	0	0	33.33333333
OAPGCV065465	0	0	0	0	0	0	0	0	0	0	0	0	0	0	0	0	0	0	0	0	0	0	0	0	0	20
OAPGCV013656	0	0	0	0	0	0	0	0	0	0	0	0	0	0	0	0	0	0	0	0	0	0	0	0	0	14.28571429
OAPGCV065696	0	0	0	0	0	0	0	0	0	0	0	0	0	0	0	0	0	0	0	0	0	0	0	0	0	23.07692308
OAPGCV006822	0	0	0	0	0	0	0	0	0	0	0	0	0	0	0	0	0	0	0	0	0	0	0	0	0	16.66666667
OAPGCV045628	0	0	0	0	0	0	0	0	0	0	0	0	0	0	0	0	0	0	0	0	0	0	0	0	0	33.33333333
OAPGCV068298	0	0	0	0	0	0	0	0	0	0	0	0	0	0	0	0	0	0	0	0	0	0	0	0	0	33.33333333
OAPGCV058900	0	0	0	0	0	0	0	0	0	0	0	0	0	0	0	0	0	0	0	0	0	0	0	0	0	75
OAPGCV030321	0	0	0	0	0	0	0	0	0	0	0	0	0	0	0	0	0	0	0	0	0	33.33333333	0	0	0	0
OAPGCV039764	0	0	0	0	0	0	0	0	0	60.86956522	0	0	0	0	0	0	0	0	0	0	0	0	0	0	0	0
OAPGCV067568	0	0	0	0	0	0	0	0	0	0	0	0	0	0	0	0	0	0	0	0	0	0	0	0	0	25
OAPGCV039939	0	68.57142857	0	0	0	0	0	0	0	0	0	0	0	0	0	0	0	0	0	0	0	0	0	0	0	0
OAPGCV063471	0	0	0	0	0	0	0	0.139762404	0	0	0	0	0	0	0	0	0	0	0	0	0	80.92243187	0	0	2.655485674	0
OAPGCV036786	0	0	0	0	0	0	0	0	0	0	0	0	0	0	0	0	0	0	0	0	0	2.127659574	0	0	14.89361702	25.53191489
OAPGCV064818	0	73.52941176	0	0	0	0	0	0	0	0	0	0	0	0	0	0	0	0	0	0	0	0	0	0	2.450980392	0
OAPGCV025827	0	51.85185185	0	0	0	0	0	0	0	0	0	0	0	0	0	0	0	0	0	0	0	40.74074074	0	0	5.555555556	0
OAPGCV043885	0	0	0	0	0	0	0	0	0	0	66.66666667	0	0	0	0	0	0	0	0	0	0	0	0	0	0	0
OAPGCV051565	0	54.32098765	0	0	0	0	0	0	0	0	0	0	0	0	0	0	0	0	0	0	0	10.49382716	0	0	2.469135802	0.617283951
OAPGCV036352	0	0	50	0	0	0	0	0	0	0	0	0	0	0	0	0	0	0	0	0	0	0	0	0	0	0
OAPGCV053426	0	13.57267951	0	0	0	0	0	0	0	12.60945709	1.488616462	0	0	0	0	0	0	0	0	0	0	42.64448336	0	0	12.08406305	3.327495622
OAPGCV065359	0	12.89162815	0	0	0	0	0	0	0	0.051361068	0	0	0	0	0	0	0	0	0	0	0	74.67899332	0	0	5.906522856	0.667693888
OAPGCV059004	0	0	0	0	0	0	0	0	0	0	0	0	0	0	0	0	0	0	0	0	0	9.803921569	0	0	0	54.90196078
OAPGCV037392	0	0	0	0	0	0	0	0	0	71.42857143	0	0	0	0	0	0	0	0	0	0	0	4.285714286	0	0	4.285714286	0
OAPGCV051568	0	0	0	0	0	0	0	0	0	76.06060606	0	0	0	0	0	0	0	0	0	0	0	1.515151515	0	0	17.87878788	0
OAPGCV057993	0	0	0	0	0	0	0	0	0	0	0	0	0	0	0	0	0	0	0	0	0	0	0	0	0	16.66666667
OAPGCV016072	0	0	0	0	0	0	0	0	0	5.194805195	0	0	0	0	0	0	0	0	0	0	0	87.01298701	0	0	2.857142857	0
OAPGCV061571	0	0	0	0	0	0	0	0	0	0	0	0	0	0	0	0	0	0	0	0	0	89.62655602	0	0	0.829875519	0
OAPGCV051286	0	14.88970588	0	1.102941176	0	0	3.982843137	0	0	8.639705882	1.960784314	0	0	0	0	0	0	0	0	0	0	42.46323529	0	0	7.598039216	0.796568627
OAPGCV014483	0	2.77324633	0	0	0	0	0	0	0	15.17128874	0	0	0	0	0	0	0	0	0	0	0	53.01794454	0	0	12.23491028	1.794453507
OAPGCV031892	0	0	0	0	0	0	0	0	0	0	0	0	0	0	0	0	0	0	0	0	0	0	0	0	0	66.66666667
OAPGCV049112	0	0	0	0	0	0	0	0	0	0	0	0	0	0	0	0	0	0	0	0	0	0	0	0	0	64.28571429
OAPGCV057413	0	0	0	0	0	0	0	0	0	0	0	0	0	0	0	0	0	0	0	0	0	0	0	0	0	26.31578947
OAPGCV063301	0	5.445227418	0	0	0	0	0	0	0	12.94042281	0	0	0	0	0	0	0	0	0	0	0	61.30685458	0	0	8.520179372	0.192184497
OAPGCV064996	0	0	0	0	0	0	0	0	0	0	0	0	0	0	0	0	0	0	0	0	0	0	0	0	0	100
OAPGCV046282	0	0	0	0	0	0	0	0	0	0	0	0	0	0	0	0	0	0	0	0	0	0	0	0	50	50
OAPGCV068055	0	0	0	0	0	0	78.57142857	0	0	0	0	0	0	0	0	0	0	0	0	0	0	0	0	0	8.571428571	0
OAPGCV051599	0	0	0	0	0	0	69.18918919	0	0	0	30.27027027	0	0	0	0	0	0	0	0	0	0	0	0	0	0	0
OAPGCV064728	0	0	0	0	0	0	100	0	0	0	0	0	0	0	0	0	0	0	0	0	0	0	0	0	0	0
OAPGCV064958	0	0	0	0	0	0	100	0	0	0	0	0	0	0	0	0	0	0	0	0	0	0	0	0	0	0
OAPGCV064213	0	0	1.079136691	0	0	0	14.38848921	0	0	0	44.60431655	0	0	0	0	0	0	0	0	0	0	0	0	0	26.97841727	1.079136691
OAPGCV060789	0	0	58.62068966	0	0	0	0	0	0	0	0	0	0	0	0	0	0	0	0	0	0	0	0	0	0	0
OAPGCV006392	0	0	0	0	0	0	0	0	0	0	98.70967742	0	0	0	0	0	0	0	0	0	0	0	0	0	0	0
OAPGCV023748	0	0	0	0	0	0	0	0	0	0	0	0	0	0	0	0	0	0	0	0	0	0	0	0	10.25641026	84.61538462
OAPGCV051201	0	0	88	0	0	0	0	0	0	0	0	0	0	0	0	0	0	0	0	0	0	0	0	0	12	0
OAPGCV055304	0	0	79.11111111	0	0	0	0	0	0	0	0	0	0	0	0	0	0	0	0	0	0	0	0	0	0.444444444	0
OAPGCV033827	0	0	0	0	0	0	0	0	0	0	0	0	0	0	0	0	0	0	0	0	0	0	0	0	0	80
OAPGCV043796	0	0	61.25	0	0	0	0	0	0	0	0	0	0	0	0	0	0	0	0	0	0	0	0	0	0	0
OAPGCV004708	0	0	0	0	0	0	0	0	50	0	0	0	0	0	0	0	0	0	0	0	0	0	0	0	0	0
OAPGCV042819	0	0	0	0	0	0	0	0	0	0	12.5	0	0	0	0	0	0	0	0	0	0	0	0	0	0	0
OAPGCV047994	0	0	83.33333333	0	0	0	0	0	0	0	0	0	0	0	0	0	0	0	0	0	0	0	0	0	0	0
OAPGCV018177	0	0	71.42857143	0	0	0	8.163265306	0	0	0	4.081632653	0	0	0	0	0	0	0	0	0	0	0	0	0	0	0
OAPGCV065512	0	0	22.61904762	0	0	0	0	0	0	0	13.69047619	0	0	0	0	0	0	0	0	0	0	0	0	0	0	0
OAPGCV062365	0	0	0	0	0	0	0	0	0	0	62.16216216	0	0	0	0	0	0	0	0	0	0	0	0	0	0	24.32432432
OAPGCV031989	0	0	0	0	0	0	0	0	0	0	0	0	0	0	0	0	0	0	0	0	0	0	0	75	0	0
OAPGCV063492	0	0	0	0	40.76433121	0	0	0	0	0	0	0	0	0	0	0	0	0	0	0	0	0	0	0	0	0.636942675
OAPGCV040267	0	0	0	0	0	0	0	0	0	0	0	0	90	0	0	0	0	0	0	0	0	0	0	0	3.333333333	0
OAPGCV064868	0	0	0	0	0	0	0	0	0	0	0	0	0	0	0	0	0	0	0	0	0	83.05084746	0	0	13.55932203	0
OAPGCV009921	0	0	0	0	0	0	0	0	0	0	0	0	0	0	0	0	0	9.090909091	0	0	0	0	0	0	0	0
OAPGCV014062	57.14285714	0	0	0	0	0	0	0	0	0	0	0	0	0	0	0	0	0	0	0	0	0	0	0	42.85714286	0
OAPGCV060101	3.797468354	0	0	0	0	0	0	0	0	0	0	0	0	0	0	0	0	0	0	0	0	0	0	0	96.20253165	0
OAPGCV038840	50	0	0	0	0	0	0	0	0	0	0	0	0	0	0	0	0	0	0	0	0	0	0	0	16.66666667	0
OAPGCV027100	0	0	0	0	0	0	0	0	0	0	0	0	0	0	0	0	0	0	0	0	0	33.33333333	0	0	0	0
OAPGCV054709	0	0	0	0	0	0	0	0	0	0	0	0	0	0	0	0	0	0	0	0	0	100	0	0	0	0
OAPGCV011951	0	0	50	0	0	0	0	0	0	0	0	0	0	0	0	0	0	0	0	0	0	0	0	0	0	0
OAPGCV064043	0	0	50	0	0	0	0	0	0	0	0	0	0	0	0	0	0	0	0	0	0	0	0	0	0	0
OAPGCV058131	0	0	0	0	0	0	0	0	0	0	0	0	0	0	0	0	0	0	0	0	0	0	0	0	0	60
OAPGCV032812	0	0	0	0	89.70588235	0	0	0	0	0	0	0	0	0	0	0	0	0	0	0	0	0	0	0	0	1.470588235
OAPGCV049301	0	0	0	0	0	0	0	0	0	0	0	0	0	0	0	0	0	0	0	0	0	0	0	0	0	30
OAPGCV068334	0	0	0	0	0	0	0	0	0	0	0	0	0	0	0	0	0	0	0	0	0	0	0	0	0	8.196721311
OAPGCV060535	0	0	0	0	0	0	0	0	0	0	0	0	0	0	0	0	0	0	0	0	0	0	0	0	0	77.77777778
OAPGCV055093	0	0	0	0	0	0	0	0	0	0	0	0	0	0	0	0	0	0	0	0	0	0	0	0	0	28.57142857
OAPGCV005810	0	0	0	0	0	0	0	0	0	0	100	0	0	0	0	0	0	0	0	0	0	0	0	0	0	0
OAPGCV052535	0	9.523809524	0	0	0	0	0	0	0	0	0	0	0	0	0	0	0	0	0	0	0	66.66666667	0	0	4.761904762	0
OAPGCV062864	0	0	0.33557047	0	0	0	0	0	0	0.67114094	0	0	0	0	0	0	0	0	0	0	0	90.93959732	0	0	6.543624161	1.174496644
OAPGCV066918	0	0	0	0	0	0	0	0	0	0	0	0	0	0	0	0	0	0	0	0	0	89.05109489	0	0	1.824817518	0
OAPGCV008408	0	0.537221796	0	0	0	0	0	0	0	0.997697621	0	0	0	0	0	0	0	0	0	0	0	83.4228703	0	0	3.914044513	0.460475825
OAPGCV050312	0	0	0	0	0	0	0	0	0	0	0	0	0	0	0	0	0	0	0	0	0	97.79411765	0	0	0	0
OAPGCV044930	0	0	0	0	0	0	0	0	0	0	0	0	0	0	0	0	0	0	0	0	0	100	0	0	0	0
OAPGCV019436	0	30	0	0	0	0	0	0	0	0	0	0	0	0	0	0	0	0	0	0	0	0	0	0	0	10
OAPGCV013639	0	0	0	0	0	0	0	0	0	25.61983471	0	0	0	0	0	0	0	0	0	0	0	4.132231405	0	0	14.87603306	41.32231405
OAPGCV040479	0	0	0	0	0	0	0	0	0	0	0	0	0	0	0	0	0	0	0	0	0	0	0	0	0	100
OAPGCV052161	0	0	0	0	0	0	0	0	0	0	0	0	0	0	0	0	0	0	0	0	0	0	0	0	0	80
OAPGCV047902	0	0	0	0	0	0	0	0	0	0	0	0	0	0	0	0	0	63.63636364	0	0	0	0	0	0	0	0
OAPGCV032494	0	0	0	0	0	0	0	0	0	0	98.03921569	0	0	0	0	0	0	0	0	0	0	0	0	0	0	0
OAPGCV068143	0	0	0	0	0	0	0	0	0	0	0	0	0	76.47058824	0	0	0	0	0	0	0	0	0	0	0	0
OAPGCV021279	5	0	0	0	0	0	0	0	0	0	0	0	0	35	0	0	0	0	0	0	0	0	0	0	0	0
OAPGCV025482	0	0	0	0	0	0	0	0	0	0	0	0	0	75	0	0	0	0	0	0	0	0	0	0	0	0
OAPGCV044435	93.75	0	0	0	0	0	0	0	0	0	0	0	0	0	0	0	0	0	0	0	0	0	0	0	0	0
OAPGCV045097	0	0	0	0	0	0	0	0	68.18181818	0	0	0	0	0	0	0	0	0	0	0	0	0	0	0	18.18181818	9.090909091
OAPGCV029309	0	0	0	0	0	0	0	0	0	0	0	0	25.17482517	0	0	0	0	0	0	0	0	0	0	0	1.398601399	0
OAPGCV015981	0	0	0	0	0	0	0	0	0	0	100	0	0	0	0	0	0	0	0	0	0	0	0	0	0	0
OAPGCV027205	0	0	0	0	0	0	0	0	0	0	82.35294118	0	0	0	0	0	0	0	0	0	0	0	0	0	11.76470588	5.882352941
OAPGCV055160	0	0	0	0	0	0	0	0	0	0	0	0	0	0	0	0	0	0	0	0	0	26.66666667	0	0	0	20
OAPGCV062780	52.17391304	0	0	0	0	0	0	0	0	0	0	0	0	0	0	0	0	0	0	0	0	0	0	0	4.347826087	43.47826087
OAPGCV024814	0	0	0	0	0	92.30769231	0	0	0	0	0	0	0	0	0	0	0	0	0	0	0	0	0	0	0	7.692307692
OAPGCV027296	0	0	0	0.561797753	0	0	0	0	0	0	0	0	0	0	0	0	0	0	0	0	0	0	35.39325843	0	25.28089888	7.865168539
OAPGCV024318	0	0	0	0	0	0	0	0	0	0	0	0	0	0	0	0	0	0	75	0	0	0	0	0	0	0
OAPGCV010294	0	0	0	0	0	0	0	0	0	0	0	0	0	0	0	0	0	0	15.51724138	0	0	0	0	0	0	0
OAPGCV047920	0	0	0	0	0	0	0	0	0	0	0	0	0	12.5	0	0	0	0	0	0	0	0	0	0	0	0
OAPGCV062931	0	0	0	0	73.33333333	0	0	0	0	0	0	0	0	0	0	0	0	0	0	0	0	0	0	0	0	0
OAPGCV049004	0	0	0	0	35.44303797	0	0	0	0	0	0	0	0	0	0	0	0	0	0	0	0	0	0	0	0	0
OAPGCV031671	0	0	0	0	0	0	0	0	0	0	0	0	0	0	0	0	0	0	0	0	0	0	0	0	0	100
OAPGCV067107	0	0	0	0	0	0	0	0	0	0	0	0	0	0	0	0	0	0	0	0	0	0	0	0	0	85.71428571
OAPGCV018827	0	0	0	0	0	5.263157895	0	0	0	0	0	0	0	0	0	0	0	0	0	0	0	0	0	0	0	0
OAPGCV020526	0	0	0	0	0	45.54455446	0	0	0	0	0	0	0	0	0	0	0	0	0	0	0	0	0	0	0	0
OAPGCV036778	0	0	0	0	0	67.56756757	0	0	0	0	0	0	0	0	0	0	0	0	0	0	0	0	0	0	0	0
OAPGCV066425	0	0	0	0	0	99.30555556	0	0	0	0	0	0	0	0	0	0	0	0	0	0	0	0	0	0	0	0
OAPGCV039477	0	0	0	0	0	100	0	0	0	0	0	0	0	0	0	0	0	0	0	0	0	0	0	0	0	0
OAPGCV040873	0	0	0	0	0	97.77777778	0	0	0	0	0	0	0	0	0	0	0	0	0	0	0	0	0	0	0	0
OAPGCV063061	0	0	0	0	0	0	0	0	0	0	0	0	0	0	0	0	0	0	0	0	0.31152648	0	0	0	0	0
OAPGCV064342	31.25	0	0	0.892857143	0	0	0	0	0	0	0	0	0	0	0	0	0	0	0	0	0	0	0	0	39.28571429	0
OAPGCV050598	66.66666667	0	0	0	0	0	0	0	0	0	0	0	0	0	0	0	0	0	0	0	0	0	0	0	33.33333333	0
OAPGCV025433	0	0	0	0	0	0	0	0	0	0	0	0	0	0	0	0	0	0	50	0	0	0	0	0	0	0
OAPGCV027101	0	0	0	0	0	0	0	0	0	0	0	0	0	0	0	0	0	0	47.05882353	0	0	0	0	0	0	29.41176471
OAPGCV018841	0	0	0	0	0	0	0	0	0	0	0	0	0	0	0	0	0	0	100	0	0	0	0	0	0	0
OAPGCV032329	0	0	0	0	0	0	0	0	0	0	0	0	0	0	0	0	0	0	50	0	0	0	0	0	0	0
OAPGCV064123	0	0	0	0	90.47619048	0	0	0	0	0	0	0	0	0	0	0	0	0	0	0	0	0	0	0	0	0
OAPGCV060399	0	0	0	0	87.61329305	0	0	0	0	0	0	0	0	0	0	0	0	0	0	4.833836858	0	0	0	0	3.32326284	0.302114804
OAPGCV058095	0	0	0	0	0	0	0	0	0	0	0	0	0	0	0	0	0	0	0	0	0	0	0	0	0	60
OAPGCV031760	0	0	0	0	0	0	0	0	0	0	0	0	0	0	0	0	0	0	0	0	0	0	0	0	0	44.11764706
OAPGCV031020	0	0	0	0	0	0	0	0	0	0	0	0	0	0	0	0	0	0	0	0	0	0	0	0	0	10
OAPGCV036139	0	0	0	0	0	100	0	0	0	0	0	0	0	0	0	0	0	0	0	0	0	0	0	0	0	0
OAPGCV058477	0	0	0	0	0	0	0	0	0	0	0	0	0	43.58974359	0	0	0	0	0	0	0	0	0	0	0	0
OAPGCV057772	0	0	0	0	0	0	0	0	0	0	0	0	0	9.523809524	0	0	0	0	0	0	0	0	0	0	0	0
OAPGCV065844	0	0	0	0	0	0	0	0	0	0	0	0	100	0	0	0	0	0	0	0	0	0	0	0	0	0
OAPGCV062510	3.846153846	0	0	92.30769231	0	0	0	0	0	0	0	0	0	0	0	0	0	0	0	0	0	0	0	0	0	0
OAPGCV035327	50.84745763	0	0	0	0	0	0	0	0	0	0	0	0	0	0	0	0	0	0	0	0	0	0	0	0	0
OAPGCV043970	0	0	0	0	0	0	0	0	0	0	0	0	0	100	0	0	0	0	0	0	0	0	0	0	0	0
OAPGCV032724	0	0	0	0	0	0	0	0	0	0	0	0	0	0	0	0	0	0	0	0	0	0	0	0	0	50
OAPGCV067734	0	0	0	0	0	0	0	0	0	0	0	0	0	0	0	0	0	0	0	0	0	0	0	0	0	50
OAPGCV045609	0	0	0	0	0	0	0	0	0	0	0	0	0	0	0	0	0	0	0	0	0	0	0	0	19.04761905	61.9047619
OAPGCV025839	0	0	0	0	0	0	0	0	0	0	0	0	0	0	0	0	0	40	0	0	0	0	0	0	0	60
OAPGCV067869	0	0	0	0	0	0	0	0	0	0	0	0	0	0	0	0	0	0	0	0	0	0	0	0	0	100
OAPGCV046636	0	0	0	0	0	0	0	0	0	0	0	0	0	0	0	0	0	0	0	0	0	0	0	0	0	100
OAPGCV043155	0	0	0	0	0	0	0	0	0	0	0	0	0	0	0	0	0	0	98.03921569	0	0	0	0	0	0	0
OAPGCV046631	0	0	0	0	0	0	0	0	0	0	0	0	0	0	0	0	0	0	0	0	0	0	0	0	0	100
OAPGCV045470	0	0	0	0	0	0	0	0	0	0	0	0	0	0	0	0	0	0	0	0	0	0	0	0	0	100
OAPGCV058887	0	0	0	0	0	0	0	0	0	0	0	0	0	0	0	0	0	0	0	0	0	0	0	0	0	81.81818182
OAPGCV062384	0	0	0	0	0	0	0	0	0	0	0	0	0	0	0	0	0	0	0	0	0	0	0	0	0	30.76923077
OAPGCV045582	0	0	0	0	0	0	0	0	0	0	0	0	0	0	0	0	0	0	0	0	0	0	0	0	0	36.36363636
OAPGCV068162	0	0	0	0	0	0	0	0	0	0	0	0	0	0	0	0	0	0	0	0	0	0	0	0	0	100
OAPGCV058514	0	0	0	0	0	0	0	0	0	0	0	0	0	0	0	0	0	0	0	0	0	0	0	0	0	100
OAPGCV059050	0	0	0	0	0	0	0	0	0	0	0	0	0	0	0	0	0	0	0	0	0	0	0	0	0	50
OAPGCV068080	0	0	0	0	0	0	0	0	0	0	0	0	0	0	0	0	0	0	0	0	0	0	0	0	0	50
OAPGCV058268	0	0	0	0	0	0	0	0	0	0	0	0	0	0	0	0	0	0	0	0	0	0	0	0	0	71.42857143
OAPGCV046179	0	0	0	0	0	0	0	0	0	0	0	0	0	0	0	0	0	0	0	0	0	0	0	0	0	100
OAPGCV031972	0	0	0	0	0	0	0	0	0	0	0	0	0	0	0	0	0	0	0	0	0	0	0	0	0	28.57142857
OAPGCV066037	0	0	0	0	0	0	0	0	0	0	0	0	0	0	0	0	0	0	1.282051282	0	0	0	0	0	0	3.846153846
OAPGCV001599	0	0	0	0	0	0	0	0	0	0	0	0	0	0	0	0	0	6.976744186	29.06976744	0	0	0	0	0	0	0
OAPGCV013164	0	0	0	0	0	0	0	0	0	0	0	0	0	0	0	0	0	0	0	0	0	0	0	0	0	41.93548387
OAPGCV029854	0	0	0	4.104477612	0	0	0	0	0	0	0	0	0	0	0	0	0	24.62686567	24.62686567	0	0	0	0	0	1.865671642	0
OAPGCV025480	0	0	0	0	0	0	0	0	0	0	0	0	0	0	0	0	0	0	7.661290323	0	0	0	0	0	0	0
OAPGCV039721	0	0	0	0	0	0	0	0	0	0	0	0	0	0	0	0	0	33.33333333	0	0	0	0	0	0	0	0
OAPGCV066712	0	0	0	0	0	0	0	0	0	0	0	0	0	0	0	0	0	0	100	0	0	0	0	0	0	0
OAPGCV027782	0	0	0	0	0	0	0	0	0	0	0	0	0	0	0	0	0	0	0	0	0	0	0	100	0	0
OAPGCV000738	0	0	0	0	39.53488372	0	0	0	0	0	0	0	0	0	0	0	0	0	0	0	0	0	0	0	0	0
OAPGCV065162	0	0	0	0	0	0	0	0	0	0	0	0	0	0	0	0	0	31.48148148	0	0	0	0	0	0	5.555555556	25.92592593
OAPGCV061241	0	0	0	0	0	0	0	0	0	0	0	0	0	0	0	0	0	0	0	0	0	0	0	0	0	4.166666667
OAPGCV037302	0	0	0	0	0	0	0	0	0	0	0	0	0	0	0	0	0	0	100	0	0	0	0	0	0	0
OAPGCV053623	0	0.336247478	0	0	0	0	0	0	0	1.748486886	0	0	0	0	0	0	0	0	0	0	0	81.5736382	0	0	1.07599193	0.201748487
OAPGCV011833	0	0	0	0	0	5.960264901	0	0	0	0	0	0	0	0	0	0	0	42.38410596	0	0	0	0	1.986754967	0	0	2.649006623
OAPGCV047702	0	0	0	0	0	0	0	0	0	0	0	0	0	0	0	0	0	0	0	0	0	0	0	100	0	0
OAPGCV039872	0	0	0	0	0	0	0	40.35087719	0	0	0	0	0	0	0	0	0	0	0	0	0	0	0	20.1754386	15.78947368	0
OAPGCV067945	0	0	0	0	0	0	0	0	0	0	0	0	0	0	0	0	0	0	0	0	0	0	0	0	0	25.92592593
OAPGCV015646	0	0	0	0	33.33333333	0	0	0	0	0	0	0	0	0	0	0	0	0	0	0	0	0	0	0	0	0
OAPGCV048653	0	0	0	0	46.66666667	0	0	0	0	0	0	0.666666667	0	0	0	0	0	0	0	0	0	0	0	0	0.666666667	0.666666667
OAPGCV019934	81.42493639	0	0	0	0	0	0	0	0	0	0	0	0	0	0	0	0	0	0	0	0.169635284	0	0	0	2.374893978	0.42408821
OAPGCV064301	0	0	0	0	0	0	0	0	0	0	0	0	0	0	0	0	0	29.10532276	43.03510759	0	0	0.113250283	0	0	1.019252548	12.00453001
OAPGCV058482	0	0	0	0	0	0	0	0	0	0	0	0	0	0	0	0	0	0	0	0	0	47.12041885	0	0	0	2.094240838
OAPGCV013769	0	0	0	0	0	0	0	0	0	0	0	0	0	0	0	0	0	0	0	0	0	81.33971292	0	0	0	0
OAPGCV006899	0	0	0	0	0	0	0	0	0	0	0	0	0	0	0	0	0	0	53.22580645	0	0	0	0	0	0	4.838709677
OAPGCV029381	0	0	0	0	2.836879433	0	0	0	0	0	0	0	0	0	0	0	0	0	0	36.17021277	0	0	0	0	0.709219858	0
OAPGCV009387	0	0	0	0	0	0	0	0	0	0	0	0	0	0	0	0	0	0	100	0	0	0	0	0	0	0
OAPGCV005845	0	0	0	0	48.03921569	0	0	0	0	0	0	0	0	0	0	0	0	0	0	0	0	0	0	0	0	0
OAPGCV027253	0	0	0	0	0	0	0	83.33333333	0	0	0	0	0	0	0	0	0	0	0	0	0	0	0	13.88888889	0	0
OAPGCV000365	0	0	0	1.098901099	0	0	0	0	0	0	0	0	0	36.26373626	0	0	0	0	0	0	0	0	0	0	7.692307692	0
OAPGCV065136	0	0	0	0	0	0	0	0	0	0	0	0	0	0	0	0	0	100	0	0	0	0	0	0	0	0
OAPGCV066503	0	0	0	0	0	0	0	0	0	0	0	0	0	0	0	0	0	96.45776567	0	0	0	0	0	0	0	0.408719346
OAPGCV062692	0	0	0	0	0	0	0	0	0	0	0	0	0	0	0	0	0	100	0	0	0	0	0	0	0	0
OAPGCV065568	0	0	0	0	0	0	0	0	0	0	0	0	0	0	0	0	0	84.63476071	0	0	0	0	0	0	0	0
OAPGCV063172	0	0	0	0	1.538461538	0	0	0	0	0	0	0	0	0	0	0	0	0	0	0	0	0	0	0	0	7.692307692
OAPGCV038639	0	0	0	0	94.02985075	0	0	0	0	0	0	0	0	0	0	0	0	0	0	0	0	0	0	0	0	0
OAPGCV001795	0	0	0	0	0	0	0	0	23.21428571	0	0	0	0	0	0	0	0	0	0	0	0	0	0	0	0	0
OAPGCV012344	0	0	0	0	0	0	0	0	0	0	3.424657534	0	0	0	0	0	0	0	0	0	0	0	41.78082192	0	0	4.794520548
OAPGCV035575	0	0	0	0	0	0	0	0	0	0	0	0	0	0	0	0	0	0	0	0	0	0	0	0	0	100
OAPGCV007367	0	0	0	0	0	0	0	0	0	0	97.56097561	0	0	0	0	0	0	0	0	0	0	0	0	0	0	2.43902439
OAPGCV067393	0	0	0	0	0	0	0	0	0	0	0	0	0	0	0	0	0	0	0	0	0	0	85.29411765	0	0	5.882352941
OAPGCV000999	0	0	0	0	0	0	0	0	27.63157895	0	0	0	0	0	0	0	0	0	0	0	0	0	0	0	0	0
OAPGCV032151	0	0	0	0	0	0	0	0	0	0	0	0	0	0	0	0	0	0	0	0	0	0	0	0	1.298701299	72.72727273
OAPGCV054623	0	0	0	0	0	0	0	0	0	0	32.3943662	0	0	0	0	0	0	0	0	0	0	2.816901408	0	0	1.408450704	0
OAPGCV040091	0	0	0	0	0	0	0	0	0	0	32.92682927	0	0	0	0	0	0	0	0	0	0	0	0	0	0	0
OAPGCV037924	0	0	0	0	0	0	0	0	0	0	0	0	0	0	0	0	0	16.83168317	0	0	0	0	0	0	1.98019802	0
OAPGCV036446	0	0	0	0	0	0	0	0	0	0	0	0	0	0	0	0	0	22.80701754	0	0	0	0	0	0	0	0
OAPGCV038789	0	0	0	0	0	0	0	0	0	0	0	0	0	0	0	0	0	0	100	0	0	0	0	0	0	0
OAPGCV038498	0	0	0	0	0	0	0	0	0	0	0	0	0	0	0	0	0	0	89.47368421	0	0	0	0	0	0	0
OAPGCV039892	0	0	0	0	0	100	0	0	0	0	0	0	0	0	0	0	0	0	0	0	0	0	0	0	0	0
OAPGCV039119	0	0	0	0	0	100	0	0	0	0	0	0	0	0	0	0	0	0	0	0	0	0	0	0	0	0
OAPGCV039377	0	0	0	0	0	0	0	0	0	0	0	0	45.94594595	0	0	0	0	0	0	0	0	0	0	0	1.351351351	0
OAPGCV039680	0	0	0	0	0	0	0	0	0	0	0	0	91.62561576	0	0	0	0	0	0	0	0	0	0	0	2.463054187	0
OAPGCV038228	15.85365854	0	0	0	0	0	0	0	0	0	0	0	0	0	0	0	0	0	0	0	0	0	0	0	84.14634146	0
OAPGCV039562	0	0	0	0	0	0	0	0	0	0	0	0	7.692307692	0	0	0	0	0	0	0	0	0	0	0	0	23.07692308
OAPGCV040499	72.72727273	0	0	0	0	0	0	0	0	0	0	0	0	0	0	0	0	0	0	0	1.818181818	0	0	0	16.36363636	0
OAPGCV038899	0	0	0	0	0	0	0	0	0	0	0	0	0	0	0	0	0	0	0	0	0	0	0	0	95.65217391	0
OAPGCV023828	30.79584775	0	0	0	0	0	0	0	0	0	0	0	0	0	0	0	0	0	0	0	0	0	0	0	65.74394464	0
OAPGCV014563	0	0	0	0	0	0	0	0	0	0	0	0	0	0	0	0	0	0	0	0	0	95.625	0	0	0	0
OAPGCV046518	0	0	0	0	0	0	0	0	0	0	0	0	0	0	0	0	0	0	0	0	0	98.06451613	0	0	0	0
OAPGCV060873	0	0	0	0	0	0	0	0	0	0	25	0	0	0	0	0	0	0	0	0	0	6.25	0	0	0	6.25
OAPGCV040241	0	0	0	0	0	0	0	0	0	0	0	0	0	0	0	0	0	0	0	0	0	63.63636364	0	0	0	0
OAPGCV059879	25.78740157	0	0	0.196850394	0	0	0	0	0	0	4.921259843	0	0.196850394	0	0	0	0	0	0	0	0	5.708661417	0	0	34.64566929	0.196850394
OAPGCV061867	0	0	0	0	0	0	0	0	0	0	0	0	0	0	0	0	0	0	0	0	0	35.44303797	0	0	0	0
OAPGCV007826	0	0	0	0	0	0	0	0	0	0	0	0	0	0	0	0	0	0	0	0	0	50	0	0	0	0
OAPGCV039309	0	0	0	0	0	0	0	0	0	0	0	0	0	0	0	0	0	0	0	0	0	78.78787879	0	0	12.12121212	0
OAPGCV039148	0	0	0	0	0	0	45.78313253	0	0	0	0	0	0	0	0	0	0	0	0	0	0	1.204819277	0	0	0	0
OAPGCV040471	0	0	0	0	0	0	0	0	0	0	0	0	0	0	0	0	0	0	0	0	0	73.68421053	0	0	0	0
OAPGCV040113	0	0	68	0	0	0	0	0	0	0	0	0	0	0	0	0	0	0	0	0	0	0	0	0	4	0
OAPGCV038528	0	0	0	0	0	0	0	0	0	0	0	0	0	0	0	0	0	0	0	0	0	100	0	0	0	0
OAPGCV022820	0	0	0	0	0	0	1.886792453	0	0	0	0	0	0	0	0	0	0	0	0	0	0	0	0	0	0	0
OAPGCV040340	0	7.52688172	0	0	0	0	0	0	0	0	0	0	0	0	0	0	0	0	0	0	0	61.29032258	0	0	22.58064516	0
OAPGCV065373	0	0	0	0	0	0	0	0	0	0	0	0	0	0	0	0	0	0	0	0	0	29.87012987	0	0	0	0
OAPGCV034192	0	0	0	0	24	0	0	0	0	0	0	0	0	0	0	0	0	0	0	0	0	0	0	0	0	0
OAPGCV007286	0	0	0	0	0	0	0	0	0	0	0	0	0	0	0	0	0	0	0	0	0	0	0	0	0	100
OAPGCV060580	0	0	0	0	0	0	0	0	0	0	0	0	0	0	0	0	0	0	0	0	0	0	33.33333333	0	0	0
OAPGCV007210	0	0	0	2.611940299	0	0	0	0	0	0	0	0	0	0	0	7.835820896	0	0	0	0	0	0	0	0	0	1.865671642
OAPGCV005660	0	0	0	73.75415282	0	0	0	0	0	0	0	0	0	0	0	0	0	0	0	0	0	0	0	0	23.58803987	0
OAPGCV036487	0	0	0	8.910891089	0	0	0	0	0	0	0	0	0	0	0	0.330033003	0	0	0	0	0	0	0	0	0	1.650165017
OAPGCV054438	0	0	0	0	0	0	0	0	0	0	0	0	0	0	0	0	0	0	9.523809524	0	0	0	0	0	0	0
OAPGCV021447	0	0	0	0	0	75	0	0	0	0	0	0	0	0	0	0	0	0	0	0	0	0	0	0	0	0
OAPGCV027104	0	0	0	0	0	0	0	0	0	0	0	0	0	0	0	0	0	8.823529412	41.17647059	0	0	0	0	0	0	0
OAPGCV013962	0	0	0	0	0	0	0	0	0	0	0	0	0	0	2.816901408	0	0	0	0	0	0	0	0	0	0	0
OAPGCV058324	0	0	0	0	0	0	0	0	0	0	0	0	0	0	0	0	0	0	0	0	0	0	0	0	0	51.11111111
OAPGCV064899	0	0	0	0	0	0	0	0	0	0	0	0	0	0	0	0	0	0	0	0	0	64	0	0	1.6	0
OAPGCV065036	0	0	0	0	0	0	0	0	0	0	0	0	0	0	0	0	0	0	0	0	0	40.74074074	0	0	0	0
OAPGCV068408	0	0	0	0	0	0	0	0	0	0	0	0	0	0	0	0	0	0	0	0.495049505	0	87.12871287	0	0	0	0
OAPGCV060113	0	0.877192982	0	0	0	0	0	0	0	0	0	0	0	0	0	0	0	0	0	0	0	62.71929825	0	0	21.05263158	1.754385965
OAPGCV051814	0	0	0	0	0	0	0	0	0	0	0	0	0	0	0	0	0	0	0	0	0	94.65648855	0	0	0	0
OAPGCV065893	0	0	0	0	0	0	0	0	0	0	0	0	0	0	0	0	0	0	0	0	0	50	0	0	0	0
OAPGCV059814	0	0	0	0	0	0	0	0	0	0	0	0	0	0	0	0	0	0	0	0	0	31.38686131	0	0	0	0
OAPGCV068448	0	0	0	0	0	0	0	0	0	0	0	0	0	0	0	0	0	0	0	0	0	0	0	0	0	100
OAPGCV057173	0	0	0	0	0	0	0	0	0	0	0	0	0	0	0	0	0	100	0	0	0	0	0	0	0	0
OAPGCV029940	0	0	0	0	0	0	0	0	0	0	0	0	0	0	0	0	0	0	0	0	0	0	0	0	0	33.33333333
OAPGCV013570	0	0	0	0	0	0	0	0	0	0	0	0	0	0	0	0	0	100	0	0	0	0	0	0	0	0
OAPGCV031774	0	0	0	0	0	0	0	0	0	0	0	0	0	0	0	0	0	0	0	0	0	0	0	0	0	42.85714286
OAPGCV031124	0	0	0	0	0	0	0	0	0	0	0	0	0	0	0	0	0	0	0	0	0	0	0	0	0	100
OAPGCV045698	0	0	0	0	0	0	0	0	0	0	0	0	0	0	0	0	0	0	0	0	0	0	0	0	0	100
OAPGCV058349	0	0	0	0	0	0	0	0	0	0	0	0	0	0	0	0	0	0	0	0	0	0	0	0	16.66666667	66.66666667
OAPGCV065699	0	0	0	0	20	0	0	0	0	0	0	0	0	0	0	0	0	0	0	0	0	0	0	0	0	0
OAPGCV020264	0	0	0	0	100	0	0	0	0	0	0	0	0	0	0	0	0	0	0	0	0	0	0	0	0	0
OAPGCV004431	0	0	0	0	0	0	0	0	0	0	0	0	0	0	0	0	0	37.5	0	0	0	0	0	0	0	62.5
OAPGCV056212	0	0	0	0	0	0	0	0	0	0	0	0	0	0	0	0	0	0	0	0	0	0	0	0	0	17.54385965
OAPGCV056707	0	0	0	0	0	0	0	0	0	0	0	0	0	0	0	0	0	0	0	0	0	0	0	0	0	53.33333333
OAPGCV005994	0	0	0	0	0	0	0	0	0	0	0	0	0	0	0	0	0	0	0	0	0	0	0	0	0	50
OAPGCV054601	0	0	0	0	0	0	0	0	0	0	0	0	0	0	0	0	0	0	0	0	0	0	0	0	0	48.27586207
OAPGCV002738	0	0	0	0	0	0	0	0	0	0	0	0	0	0	0	0	0	0	0	0	0	0	0	0	0	45.23809524
OAPGCV033445	0	0	0	0	55.55555556	0	0	0	0	0	0	0	0	0	0	0	0	0	0	0	0	0	0	0	0	0
OAPGCV038149	0	0	0	0	60	0	0	0	0	0	0	0	0	0	0	0	0	0	0	30	0	0	0	0	0	0
OAPGCV040318	0	0	0	0	0	0	0	0	0	15.92920354	0	0	0	0	0	0	0	0	0	0	0	0	0	0	0	0
OAPGCV062023	0	0.531914894	0	0	0	0	0	0	0	0	0	0	0	0	0	0	0	0	0	0	0	16.4893617	0	0	12.76595745	1.595744681
OAPGCV050101	0	0	0	0	0	0	0	0	0	0	0	0	0	0	0	0	0	0	0	0	0	12.12121212	0	0	0	15.15151515
OAPGCV040798	0	0	0	0	0	0	0	0	0	0	0	0	0	0	2.884615385	62.5	0	0	0	0	0	0	0	0	0	0
OAPGCV060726	0	0	0	0	0	0	0	0	0	0	50	0	0	0	0	0	0	0	0	0	0	0	0	0	0	0
OAPGCV062951	0	0	0	66.66666667	0	0	0	0	0	0	0	0	0	0	0	0	0	0	0	0	0	0	0	0	0	0
OAPGCV064448	0	0	0	0	0	0	0	0	0	0	0	0	0	0	0	0	0	0	0	0	0	0	0	0	0	40
OAPGCV061864	0	0	0	0	0	0	0	0	0	0	0	0	0	0	0	0	0	0	0	0	0	0	0	0	0	100
OAPGCV031823	0	0	0	0	0	0	0	0	0	0	0	0	0	0	0	0	0	0	0	0	0	0	0	0	0	36.84210526
OAPGCV032358	0	0	0	0	0	0	0	0	0	0	0	0	0	0	0	0	0	0	0	0	0	0	0	0	0	55.55555556
OAPGCV063778	0	0	0	0	100	0	0	0	0	0	0	0	0	0	0	0	0	0	0	0	0	0	0	0	0	0
OAPGCV059322	0	0	84.21052632	0	0	0	0	0	0	0	0	0	0	0	0	0	0	0	0	0	0	0	0	0	0	0
OAPGCV010035	0	0	0	0	0	0	0	0	0	0	0	0	0	0	0	0	0	0	0	0	0	0	0	0	0	100
OAPGCV056221	0	0	0	0	0	0	0	0	0	0	0	0	0	0	0	0	7.692307692	0	0	0	0	0	0	0	0	0
OAPGCV036569	0	0	0	0	100	0	0	0	0	0	0	0	0	0	0	0	0	0	0	0	0	0	0	0	0	0
OAPGCV058857	0	0	0	0	0	0	0	0	0	0	0	0	0	0	0	0	0	0	0	0	0	0	0	0	0	44.44444444
OAPGCV056328	0	0	0	0	0	0	0	0	0	0	0	0	0	0	0	0	0	0	0	0	0	0	0	0	0	66.66666667
OAPGCV063141	0	0	0	0	0	0	0	0	0	0	0	0	0	0	0	0	0	0	0	0	0	0	0	0	0	3.333333333
OAPGCV028037	0	0	0	0	0	0	0	0	0	0	0	0	0	0	0	0	0	0	0	62.5	0	0	0	0	13.33333333	0
OAPGCV019910	0	0	0	0	50	0	0	0	0	0	0	0	0	0	0	0	0	0	0	0	0	0	0	0	0	8.333333333
OAPGCV053734	0	0	0	0	0	0	0	0	0	27.02702703	0	0	0	0	0	0	0	0	0	0	0	0	0	0	0	0
OAPGCV038665	0	0	0	0	0	0	0	0	0	0	0	0	0	0	0	0	0	0	0	0	0	0	0	0	0	12.5
OAPGCV022498	0	0	0	0	0	0	0	0	0	0	0	0	0	0	0	0	0	0	0	100	0	0	0	0	0	0
OAPGCV039578	0	0	0	0	0	0	60.97560976	0	0	0	0	0	0	0	0	0	0	0	0	0	0	0	0	0	0	0
OAPGCV039577	0	0	0	0	0	0	0	0	0	0	0	0	0	0	0	0	0	0	0	0	0	0	0	0	0	100
OAPGCV040615	0	25	0	0	0	0	0	0	0	0	0	0	0	0	0	0	0	0	0	0	0	0	0	0	0	0
OAPGCV058239	0	0	0	0	0	0	0	0	0	0	0	0	0	0	0	0	0	0	0	0	20	0	0	0	0	0
OAPGCV000931	0	0	0	0	0	0	0	0	0	0	0	0	0	0	0	0	0	0	0	0	0	0	0	0	0	33.33333333
OAPGCV043769	0	0	0	0	0	0	0	0	0	0	0	0	0	0	0	0	0	0	0	0	0	0	0	0	0	20
OAPGCV037469	0	0	0	0	0	0	0	0	0	0	0	0	0	0	0	0	0	100	0	0	0	0	0	0	0	0
OAPGCV046222	0	0	0	0	0	0	0	0	0	0	0	0	0	0	0	0	0	0	0	0	0	0	0	0	50	50
OAPGCV059844	0	0	0	0	0	0	0	0	100	0	0	0	0	0	0	0	0	0	0	0	0	0	0	0	0	0
OAPGCV006927	0	0	0	0	0	0	0	0	0	0	100	0	0	0	0	0	0	0	0	0	0	0	0	0	0	0
OAPGCV033814	0	0	0	0	0	0	0	0	0	0	0	0	0	0	0	0	0	0	0	0	0	0	0	0	0	70
OAPGCV063983	0	0	0	0	0	0	0	0	0	0	20	0	0	0	0	0	0	0	0	0	0	0	0	0	10	50
OAPGCV062459	0	0	0	0	0	75	0	0	0	0	0	0	0	0	0	0	0	0	0	0	0	0	0	0	0	0
OAPGCV042627	0	0	0	0	0	0	0	0	0	0	0	0	0	0	0	0	0	0	0	0	0	0	0	0	0	66.66666667
OAPGCV042375	0	0	0	0	0	0	0	0	0	0	0	0	0	0	0	0	0	0	0	0	0	0	0	0	0	100
OAPGCV063996	0	0	0	0	0	0	0	0	0	0	0	0	0	0	0	0	0	0	0	0	0	0	0	0	0	66.66666667
OAPGCV067205	0	0	0	0	0	0	0	0	0	0	60	0	0	0	0	0	0	0	0	0	0	0	0	0	0	20
OAPGCV044893	0	0	0	0	0	0	0	0	0	0	0	0	0	0	0	0	0	0	0	0	0	0	0	0	0	83.33333333
OAPGCV000792	0	0	0	0	0	0	0	0	57.14285714	0	0	0	0	0	0	0	0	0	0	0	0	0	0	0	0	0
OAPGCV044924	0	0	0	0	0	0	0	0	0	0	0	0	0	0	0	0	0	0	0	0	0	0	0	0	0	100
OAPGCV046427	0	0	0	0	0	0	0	0	0	0	0	0	0	0	0	0	0	0	0	0	0	0	0	0	0	100
OAPGCV064711	0	0	0	0	0	0	0	0	0	0	0	0	0	0	0	0	0	0	0	0	33.33333333	0	0	0	33.33333333	0
OAPGCV056178	0	0	0	0	0	0	0	0	0	0	0	0	0	100	0	0	0	0	0	0	0	0	0	0	0	0
OAPGCV064258	0	0	0	0	69.23076923	0	0	0	0	0	0	0	0	0	0	0	0	0	0	0	0	0	0	0	15.38461538	0
OAPGCV007281	0	0	0	0	0	0	0	0	0	0	0	0	0	0	0	0	0	0	0	0	0	90	0	0	0	0
OAPGCV057692	0	0	0	0	0	0	0	0	0	0	0	0	0	0	0	0	0	0	0	0	0	0	0	0	0	100
OAPGCV045066	0	0	0	0	0	0	0	0	0	0	0	0	0	0	0	0	0	0	0	0	0	0	33.33333333	0	0	0
OAPGCV045008	0	0	0	0	0	0	0	0	0	0	0	0	0	0	0	0	0	0	0	0	0	0	0	0	0	100
OAPGCV048963	0	0	0	0	0	0	0	0	0	0	0	0	0	0	0	0	0	0	0	0	0	0	0	0	0	33.33333333
OAPGCV029937	0	0	0	0	0	0	0	0	0	0	0	0	0	0	0	0	0	0	0	0	0	0	0	0	0	28.57142857
OAPGCV066366	0	0	0	0	0	0	0	0	0	0	0	0	0	0	0	0	0	0	0	0	0	0	0	0	0	100
OAPGCV035332	0	0	0	0	0	0	0	0	0	0	0	0	0	0	0	0	0	100	0	0	0	0	0	0	0	0
OAPGCV054918	0	0	0	0	0	0	0	0	0	0	0	0	0	0	0	0	0	78.94736842	0	0	0	0	0	0	0	21.05263158
OAPGCV044046	0	0	0	0	0	0	0	0	0	0	0	0	0	0	0	0	0	0	0	0	0	0	0	0	0	82.35294118
OAPGCV060338	0	0	0	0	0	0	0	0	0	0	0	0	0	0	0	0	0	36.20689655	0	0	0	0	0	0	1.724137931	41.37931034
OAPGCV045891	0	0	0	0	0	80	0	0	0	0	0	0	0	0	0	0	0	0	0	0	0	0	0	0	20	0
